 'DYNOUT'
 1508.76001
 200 30
 4626151.00 1192186.75 1025.00000 9.99999978E-03
    1       0.00  -0.1935E+04   0.4626E+07      0.0000      0.0000      1.3208    0.1885E+09   1263.83    0.2829E+03      1      1      0.00      0.00      0.00      0.00
    2       7.58  -0.1935E+04   0.4611E+07      0.0000      0.0000      1.3208    0.1885E+09   1263.83    0.2829E+03      1      1      0.00      0.00      0.00      0.00
    3      15.16  -0.1935E+04   0.4597E+07      0.0000      0.0000      1.3208    0.1885E+09   1263.83    0.2829E+03      1      1      0.00      0.00      0.00      0.00
    4      22.75  -0.1935E+04   0.4582E+07      1.0289      0.0000      1.3208    0.1885E+09   1263.83    0.2829E+03      1      1   1025.00      0.00      0.00      0.00
    5      30.33  -0.1935E+04   0.4567E+07      1.0289      0.0000      1.3208    0.1885E+09   1263.83    0.2829E+03      1      1   1025.00      0.00      0.00      0.00
    6      37.91  -0.1935E+04   0.4553E+07      1.0110      0.0000      1.3208    0.1885E+09   1263.83    0.2829E+03      1      1   1025.00      0.00      0.00      0.00
    7      45.49  -0.1935E+04   0.4538E+07      0.9927      0.0000      1.3208    0.1885E+09   1263.83    0.2829E+03      1      1   1025.00      0.00      0.00      0.00
    8      53.07  -0.1935E+04   0.4523E+07      0.9744      0.0000      1.3208    0.1885E+09   1263.83    0.2829E+03      1      1   1025.00      0.00      0.00      0.00
    9      60.65  -0.1935E+04   0.4509E+07      0.9561      0.0000      1.3208    0.1885E+09   1263.83    0.2829E+03      1      1   1025.00      0.00      0.00      0.00
   10      68.24  -0.1935E+04   0.4494E+07      0.9379      0.0000      1.3208    0.1885E+09   1263.83    0.2829E+03      1      1   1025.00      0.00      0.00      0.00
   11      75.82  -0.1935E+04   0.4479E+07      0.9196      0.0000      1.3208    0.1885E+09   1263.82    0.2829E+03      1      1   1025.00      0.00      0.00      0.00
   12      83.40  -0.1935E+04   0.4465E+07      0.9013      0.0000      1.3208    0.1885E+09   1263.83    0.2829E+03      1      1   1025.00      0.00      0.00      0.00
   13      90.98  -0.1935E+04   0.4450E+07      0.8830      0.0000      1.3208    0.1885E+09   1263.83    0.2829E+03      1      1   1025.00      0.00      0.00      0.00
   14      98.56  -0.1935E+04   0.4435E+07      0.8647      0.0000      1.3208    0.1885E+09   1263.82    0.2829E+03      1      1   1025.00      0.00      0.00      0.00
   15     106.14  -0.1935E+04   0.4421E+07      0.8465      0.0000      1.3208    0.1885E+09   1263.83    0.2829E+03      1      1   1025.00      0.00      0.00      0.00
   16     113.73  -0.1935E+04   0.4406E+07      0.8282      0.0000      1.3208    0.1885E+09   1263.83    0.2829E+03      1      1   1025.00      0.00      0.00      0.00
   17     121.31  -0.1935E+04   0.4391E+07      0.8099      0.0000      1.3208    0.1885E+09   1263.82    0.2829E+03      1      1   1025.00      0.00      0.00      0.00
   18     128.89  -0.1935E+04   0.4377E+07      0.7916      0.0000      1.3208    0.1885E+09   1263.83    0.2829E+03      1      1   1025.00      0.00      0.00      0.00
   19     136.47  -0.1935E+04   0.4362E+07      0.7733      0.0000      1.3208    0.1885E+09   1263.83    0.2829E+03      1      1   1025.00      0.00      0.00      0.00
   20     144.05  -0.1935E+04   0.4347E+07      0.6204      0.0000      1.3208    0.1885E+09   1263.82    0.2829E+03      1      1   1025.00      0.00      0.00      0.00
   21     151.63  -0.1935E+04   0.4333E+07      0.4541      0.0000      1.3208    0.1885E+09   1263.83    0.2829E+03      1      1   1025.00      0.00      0.00      0.00
   22     159.22  -0.1935E+04   0.4318E+07      0.2877      0.0000      1.3208    0.1885E+09   1263.83    0.2829E+03      1      1   1025.00      0.00      0.00      0.00
   23     166.80  -0.1935E+04   0.4303E+07      0.1214      0.0000      1.3208    0.1885E+09   1263.82    0.2829E+03      1      1   1025.00      0.00      0.00      0.00
   24     174.38  -0.1935E+04   0.4289E+07      0.1029      0.0000      1.3208    0.1885E+09   1263.83    0.2829E+03      1      1   1025.00      0.00      0.00      0.00
   25     181.96  -0.1935E+04   0.4274E+07      0.1029      0.0000      1.3208    0.1885E+09   1263.83    0.2829E+03      1      1   1025.00      0.00      0.00      0.00
   26     189.54  -0.1935E+04   0.4259E+07      0.1029      0.0000      1.3208    0.1885E+09   1263.82    0.2829E+03      1      1   1025.00      0.00      0.00      0.00
   27     197.12  -0.1935E+04   0.4245E+07      0.1029      0.0000      1.3208    0.1885E+09   1263.82    0.2829E+03      1      1   1025.00      0.00      0.00      0.00
   28     204.71  -0.1935E+04   0.4230E+07      0.1029      0.0000      1.3208    0.1885E+09   1263.82    0.2829E+03      1      1   1025.00      0.00      0.00      0.00
   29     212.29  -0.1935E+04   0.4215E+07      0.1029      0.0000      1.3208    0.1885E+09   1263.83    0.2829E+03      1      1   1025.00      0.00      0.00      0.00
   30     219.87  -0.1935E+04   0.4201E+07      0.1029      0.0000      1.3208    0.1885E+09   1263.83    0.2829E+03      1      1   1025.00      0.00      0.00      0.00
   31     227.45  -0.1935E+04   0.4186E+07      0.1029      0.0000      1.3208    0.1885E+09   1263.83    0.2829E+03      1      1   1025.00      0.00      0.00      0.00
   32     235.03  -0.1935E+04   0.4171E+07      0.1029      0.0000      1.3208    0.1885E+09   1263.83    0.2829E+03      1      1   1025.00      0.00      0.00      0.00
   33     242.61  -0.1935E+04   0.4157E+07      0.1029      0.0000      1.3208    0.1885E+09   1263.82    0.2829E+03      1      1   1025.00      0.00      0.00      0.00
   34     250.20  -0.1935E+04   0.4142E+07      0.1029      0.0000      1.3208    0.1885E+09   1263.83    0.2829E+03      1      1   1025.00      0.00      0.00      0.00
   35     257.78  -0.1935E+04   0.4127E+07      0.1029      0.0000      1.3208    0.1885E+09   1263.83    0.2829E+03      1      1   1025.00      0.00      0.00      0.00
   36     265.36  -0.1935E+04   0.4113E+07      0.1029      0.0000      1.3208    0.1885E+09   1263.82    0.2829E+03      1      1   1025.00      0.00      0.00      0.00
   37     272.94  -0.1935E+04   0.4098E+07      0.1029      0.0000      1.3208    0.1885E+09   1263.83    0.2829E+03      1      1   1025.00      0.00      0.00      0.00
   38     280.52  -0.1935E+04   0.4083E+07      0.1029      0.0000      1.3208    0.1885E+09   1263.82    0.2829E+03      1      1   1025.00      0.00      0.00      0.00
   39     288.10  -0.1935E+04   0.4069E+07      0.1029      0.0000      1.3208    0.1885E+09   1263.82    0.2829E+03      1      1   1025.00      0.00      0.00      0.00
   40     295.69  -0.1935E+04   0.4054E+07      0.1029      0.0000      1.3208    0.1885E+09   1263.83    0.2829E+03      1      1   1025.00      0.00      0.00      0.00
   41     303.27  -0.1935E+04   0.4039E+07      0.1029      0.0000      1.3208    0.1885E+09   1263.82    0.2829E+03      1      1   1025.00      0.00      0.00      0.00
   42     310.85  -0.1935E+04   0.4025E+07      0.1029      0.0000      1.3208    0.1885E+09   1263.83    0.2829E+03      1      1   1025.00      0.00      0.00      0.00
   43     318.43  -0.1935E+04   0.4010E+07      0.1029      0.0000      1.3208    0.1885E+09   1263.83    0.2829E+03      1      1   1025.00      0.00      0.00      0.00
   44     326.01  -0.1935E+04   0.3995E+07      0.1029      0.0000      1.3208    0.1885E+09   1263.83    0.2829E+03      1      1   1025.00      0.00      0.00      0.00
   45     333.60  -0.1935E+04   0.3981E+07      0.1029      0.0000      1.3208    0.1885E+09   1263.82    0.2829E+03      1      1   1025.00      0.00      0.00      0.00
   46     341.18  -0.1935E+04   0.3966E+07      0.1029      0.0000      1.3208    0.1885E+09   1263.83    0.2829E+03      1      1   1025.00      0.00      0.00      0.00
   47     348.76  -0.1935E+04   0.3951E+07      0.1029      0.0000      1.3208    0.1885E+09   1263.83    0.2829E+03      1      1   1025.00      0.00      0.00      0.00
   48     356.34  -0.1935E+04   0.3937E+07      0.1029      0.0000      1.3208    0.1885E+09   1263.82    0.2829E+03      1      1   1025.00      0.00      0.00      0.00
   49     363.92  -0.1935E+04   0.3922E+07      0.1029      0.0000      1.3208    0.1885E+09   1263.83    0.2829E+03      1      1   1025.00      0.00      0.00      0.00
   50     371.50  -0.1935E+04   0.3907E+07      0.1029      0.0000      1.3208    0.1885E+09   1263.82    0.2829E+03      1      1   1025.00      0.00      0.00      0.00
   51     379.09  -0.1935E+04   0.3893E+07      0.1029      0.0000      1.3208    0.1885E+09   1263.83    0.2829E+03      1      1   1025.00      0.00      0.00      0.00
   52     386.67  -0.1935E+04   0.3878E+07      0.1029      0.0000      1.3208    0.1885E+09   1263.83    0.2829E+03      1      1   1025.00      0.00      0.00      0.00
   53     394.25  -0.1935E+04   0.3863E+07      0.1029      0.0000      1.3208    0.1885E+09   1263.82    0.2829E+03      1      1   1025.00      0.00      0.00      0.00
   54     401.83  -0.1935E+04   0.3848E+07      0.1029      0.0000      1.3208    0.1885E+09   1263.83    0.2829E+03      1      1   1025.00      0.00      0.00      0.00
   55     409.41  -0.1935E+04   0.3834E+07      0.1029      0.0000      1.3208    0.1885E+09   1263.82    0.2829E+03      1      1   1025.00      0.00      0.00      0.00
   56     416.99  -0.1935E+04   0.3819E+07      0.1029      0.0000      1.3208    0.1885E+09   1263.83    0.2829E+03      1      1   1025.00      0.00      0.00      0.00
   57     424.58  -0.1935E+04   0.3804E+07      0.1029      0.0000      1.3208    0.1885E+09   1263.82    0.2829E+03      1      1   1025.00      0.00      0.00      0.00
   58     432.16  -0.1935E+04   0.3790E+07      0.1029      0.0000      1.3208    0.1885E+09   1263.83    0.2829E+03      1      1   1025.00      0.00      0.00      0.00
   59     439.74  -0.1935E+04   0.3775E+07      0.1029      0.0000      1.3208    0.1885E+09   1263.82    0.2829E+03      1      1   1025.00      0.00      0.00      0.00
   60     447.32  -0.1935E+04   0.3760E+07      0.1029      0.0000      1.3208    0.1885E+09   1263.82    0.2829E+03      1      1   1025.00      0.00      0.00      0.00
   61     454.90  -0.1935E+04   0.3746E+07      0.1029      0.0000      1.3208    0.1885E+09   1263.83    0.2829E+03      1      1   1025.00      0.00      0.00      0.00
   62     462.48  -0.1935E+04   0.3731E+07      0.1029      0.0000      1.3208    0.1885E+09   1263.82    0.2829E+03      1      1   1025.00      0.00      0.00      0.00
   63     470.07  -0.1935E+04   0.3716E+07      0.1029      0.0000      1.3208    0.1885E+09   1263.83    0.2829E+03      1      1   1025.00      0.00      0.00      0.00
   64     477.65  -0.1935E+04   0.3702E+07      0.1029      0.0000      1.3208    0.1885E+09   1263.82    0.2829E+03      1      1   1025.00      0.00      0.00      0.00
   65     485.23  -0.1935E+04   0.3687E+07      0.1029      0.0000      1.3208    0.1885E+09   1263.82    0.2829E+03      1      1   1025.00      0.00      0.00      0.00
   66     492.81  -0.1935E+04   0.3672E+07      0.1029      0.0000      1.3208    0.1885E+09   1263.83    0.2829E+03      1      1   1025.00      0.00      0.00      0.00
   67     500.39  -0.1935E+04   0.3658E+07      0.1029      0.0000      1.3208    0.1885E+09   1263.82    0.2829E+03      1      1   1025.00      0.00      0.00      0.00
   68     507.97  -0.1935E+04   0.3643E+07      0.1029      0.0000      1.3208    0.1885E+09   1263.82    0.2829E+03      1      1   1025.00      0.00      0.00      0.00
   69     515.56  -0.1935E+04   0.3628E+07      0.1029      0.0000      1.3208    0.1885E+09   1263.83    0.2829E+03      1      1   1025.00      0.00      0.00      0.00
   70     523.14  -0.1935E+04   0.3614E+07      0.1029      0.0000      1.3208    0.1885E+09   1263.82    0.2829E+03      1      1   1025.00      0.00      0.00      0.00
   71     530.72  -0.1935E+04   0.3599E+07      0.1029      0.0000      1.3208    0.1885E+09   1263.82    0.2829E+03      1      1   1025.00      0.00      0.00      0.00
   72     538.30  -0.1935E+04   0.3584E+07      0.1029      0.0000      1.3208    0.1885E+09   1263.83    0.2829E+03      1      1   1025.00      0.00      0.00      0.00
   73     545.88  -0.1935E+04   0.3570E+07      0.1029      0.0000      1.3208    0.1885E+09   1263.83    0.2829E+03      1      1   1025.00      0.00      0.00      0.00
   74     553.46  -0.1935E+04   0.3555E+07      0.1029      0.0000      1.3208    0.1885E+09   1263.81    0.2829E+03      1      1   1025.00      0.00      0.00      0.00
   75     561.05  -0.1935E+04   0.3540E+07      0.1029      0.0000      1.3208    0.1885E+09   1263.83    0.2829E+03      1      1   1025.00      0.00      0.00      0.00
   76     568.63  -0.1935E+04   0.3526E+07      0.1029      0.0000      1.3208    0.1885E+09   1263.83    0.2829E+03      1      1   1025.00      0.00      0.00      0.00
   77     576.21  -0.1935E+04   0.3511E+07      0.1029      0.0000      1.3208    0.1885E+09   1263.81    0.2829E+03      1      1   1025.00      0.00      0.00      0.00
   78     583.79  -0.1935E+04   0.3496E+07      0.1029      0.0000      1.3208    0.1885E+09   1263.83    0.2829E+03      1      1   1025.00      0.00      0.00      0.00
   79     591.37  -0.1935E+04   0.3482E+07      0.1029      0.0000      1.3208    0.1885E+09   1263.83    0.2829E+03      1      1   1025.00      0.00      0.00      0.00
   80     598.96  -0.1935E+04   0.3467E+07      0.1029      0.0000      1.3208    0.1885E+09   1263.82    0.2829E+03      1      1   1025.00      0.00      0.00      0.00
   81     606.54  -0.1935E+04   0.3452E+07      0.1029      0.0000      1.3208    0.1885E+09   1263.82    0.2829E+03      1      1   1025.00      0.00      0.00      0.00
   82     614.12  -0.1935E+04   0.3438E+07      0.1029      0.0000      1.3208    0.1885E+09   1263.83    0.2829E+03      1      1   1025.00      0.00      0.00      0.00
   83     621.70  -0.1935E+04   0.3423E+07      0.1029      0.0000      1.3208    0.1885E+09   1263.82    0.2829E+03      1      1   1025.00      0.00      0.00      0.00
   84     629.28  -0.1935E+04   0.3408E+07      0.1029      0.0000      1.3208    0.1885E+09   1263.82    0.2829E+03      1      1   1025.00      0.00      0.00      0.00
   85     636.86  -0.1935E+04   0.3394E+07      0.1029      0.0000      1.3208    0.1885E+09   1263.83    0.2829E+03      1      1   1025.00      0.00      0.00      0.00
   86     644.45  -0.1935E+04   0.3379E+07      0.1029      0.0000      1.3208    0.1885E+09   1263.82    0.2829E+03      1      1   1025.00      0.00      0.00      0.00
   87     652.03  -0.1935E+04   0.3364E+07      0.1029      0.0000      1.3208    0.1885E+09   1263.83    0.2829E+03      1      1   1025.00      0.00      0.00      0.00
   88     659.61  -0.1935E+04   0.3350E+07      0.1029      0.0000      1.3208    0.1885E+09   1263.82    0.2829E+03      1      1   1025.00      0.00      0.00      0.00
   89     667.19  -0.1935E+04   0.3335E+07      0.1029      0.0000      1.3208    0.1885E+09   1263.82    0.2829E+03      1      1   1025.00      0.00      0.00      0.00
   90     674.77  -0.1935E+04   0.3320E+07      0.1029      0.0000      1.3208    0.1885E+09   1263.83    0.2829E+03      1      1   1025.00      0.00      0.00      0.00
   91     682.35  -0.1935E+04   0.3306E+07      0.1029      0.0000      1.3208    0.1885E+09   1263.82    0.2829E+03      1      1   1025.00      0.00      0.00      0.00
   92     689.94  -0.1935E+04   0.3291E+07      0.1029      0.0000      1.3208    0.1885E+09   1263.82    0.2829E+03      1      1   1025.00      0.00      0.00      0.00
   93     697.52  -0.1935E+04   0.3276E+07      0.1029      0.0000      1.3208    0.1885E+09   1263.83    0.2829E+03      1      1   1025.00      0.00      0.00      0.00
   94     705.10  -0.1935E+04   0.3262E+07      0.1029      0.0000      1.3208    0.1885E+09   1263.83    0.2829E+03      1      1   1025.00      0.00      0.00      0.00
   95     712.68  -0.1935E+04   0.3247E+07      0.1029      0.0000      1.3208    0.1885E+09   1263.81    0.2829E+03      1      1   1025.00      0.00      0.00      0.00
   96     720.26  -0.1935E+04   0.3232E+07      0.1029      0.0000      1.3208    0.1885E+09   1263.83    0.2829E+03      1      1   1025.00      0.00      0.00      0.00
   97     727.84  -0.1935E+04   0.3218E+07      0.1029      0.0000      1.3208    0.1885E+09   1263.83    0.2829E+03      1      1   1025.00      0.00      0.00      0.00
   98     735.43  -0.1935E+04   0.3203E+07      0.1029      0.0000      1.3208    0.1885E+09   1263.81    0.2829E+03      1      1   1025.00      0.00      0.00      0.00
   99     743.01  -0.1935E+04   0.3188E+07      0.1029      0.0000      1.3208    0.1885E+09   1263.83    0.2829E+03      1      1   1025.00      0.00      0.00      0.00
  100     750.59  -0.1935E+04   0.3174E+07      0.1029      0.0000      1.3208    0.1885E+09   1263.83    0.2829E+03      1      1   1025.00      0.00      0.00      0.00
  101     758.17  -0.1935E+04   0.3159E+07      0.1029      0.0000      1.3208    0.1885E+09   1263.82    0.2829E+03      1      1   1025.00      0.00      0.00      0.00
  102     765.75  -0.1935E+04   0.3144E+07      0.1029      0.0000      1.3208    0.1885E+09   1263.82    0.2829E+03      1      1   1025.00      0.00      0.00      0.00
  103     773.33  -0.1935E+04   0.3130E+07      0.1029      0.0000      1.3208    0.1885E+09   1263.83    0.2829E+03      1      1   1025.00      0.00      0.00      0.00
  104     780.92  -0.1935E+04   0.3115E+07      0.1029      0.0000      1.3208    0.1885E+09   1263.82    0.2829E+03      1      1   1025.00      0.00      0.00      0.00
  105     788.50  -0.1935E+04   0.3100E+07      0.1029      0.0000      1.3208    0.1885E+09   1263.82    0.2829E+03      1      1   1025.00      0.00      0.00      0.00
  106     796.08  -0.1935E+04   0.3085E+07      0.1029      0.0000      1.3208    0.1885E+09   1263.83    0.2829E+03      1      1   1025.00      0.00      0.00      0.00
  107     803.66  -0.1935E+04   0.3071E+07      0.1029      0.0000      1.3208    0.1885E+09   1263.82    0.2829E+03      1      1   1025.00      0.00      0.00      0.00
  108     811.24  -0.1935E+04   0.3056E+07      0.1029      0.0000      1.3208    0.1885E+09   1263.83    0.2829E+03      1      1   1025.00      0.00      0.00      0.00
  109     818.82  -0.1935E+04   0.3041E+07      0.1029      0.0000      1.3208    0.1885E+09   1263.81    0.2829E+03      1      1   1025.00      0.00      0.00      0.00
  110     826.41  -0.1935E+04   0.3027E+07      0.1029      0.0000      1.3208    0.1885E+09   1263.83    0.2829E+03      1      1   1025.00      0.00      0.00      0.00
  111     833.99  -0.1935E+04   0.3012E+07      0.1029      0.0000      1.3208    0.1885E+09   1263.83    0.2829E+03      1      1   1025.00      0.00      0.00      0.00
  112     841.57  -0.1935E+04   0.2997E+07      0.1029      0.0000      1.3208    0.1885E+09   1263.81    0.2829E+03      1      1   1025.00      0.00      0.00      0.00
  113     849.15  -0.1851E+04   0.2983E+07      0.1029      0.0000      1.3462    0.1885E+09   1319.71    0.2829E+03      1      1   1025.00      0.00      0.00      0.00
  114     856.73  -0.1743E+04   0.2970E+07      0.1029      0.0000      1.3462    0.1885E+09   1391.00    0.2829E+03      1      1   1025.00      0.00      0.00      0.00
  115     864.31  -0.1743E+04   0.2957E+07      0.1029      0.0000      1.3462    0.1885E+09   1391.00    0.2829E+03      1      1   1025.00      0.00      0.00      0.00
  116     871.90  -0.1743E+04   0.2944E+07      0.1029      0.0000      1.3462    0.1885E+09   1391.00    0.2829E+03      1      1   1025.00      0.00      0.00      0.00
  117     879.48  -0.1743E+04   0.2931E+07      0.1029      0.0000      1.3462    0.1885E+09   1391.00    0.2829E+03      1      1   1025.00      0.00      0.00      0.00
  118     887.06  -0.1743E+04   0.2917E+07      0.1029      0.0000      1.3462    0.1885E+09   1391.00    0.2829E+03      1      1   1025.00      0.00      0.00      0.00
  119     894.64  -0.1743E+04   0.2904E+07      0.1029      0.0000      1.3462    0.1885E+09   1391.00    0.2829E+03      1      1   1025.00      0.00      0.00      0.00
  120     902.22  -0.1743E+04   0.2891E+07      0.1029      0.0000      1.3462    0.1885E+09   1391.00    0.2829E+03      1      1   1025.00      0.00      0.00      0.00
  121     909.81  -0.1743E+04   0.2878E+07      0.1029      0.0000      1.3462    0.1885E+09   1391.00    0.2829E+03      1      1   1025.00      0.00      0.00      0.00
  122     917.39  -0.1743E+04   0.2864E+07      0.1029      0.0000      1.3462    0.1885E+09   1391.00    0.2829E+03      1      1   1025.00      0.00      0.00      0.00
  123     924.97  -0.1743E+04   0.2851E+07      0.1029      0.0000      1.3462    0.1885E+09   1391.00    0.2829E+03      1      1   1025.00      0.00      0.00      0.00
  124     932.55  -0.1743E+04   0.2838E+07      0.1029      0.0000      1.3462    0.1885E+09   1391.00    0.2829E+03      1      1   1025.00      0.00      0.00      0.00
  125     940.13  -0.1743E+04   0.2825E+07      0.1029      0.0000      1.3462    0.1885E+09   1391.00    0.2829E+03      1      1   1025.00      0.00      0.00      0.00
  126     947.71  -0.1743E+04   0.2812E+07      0.1029      0.0000      1.3462    0.1885E+09   1391.00    0.2829E+03      1      1   1025.00      0.00      0.00      0.00
  127     955.30  -0.1743E+04   0.2798E+07      0.1029      0.0000      1.3462    0.1885E+09   1390.98    0.2829E+03      1      1   1025.00      0.00      0.00      0.00
  128     962.88  -0.1743E+04   0.2785E+07      0.1029      0.0000      1.3462    0.1885E+09   1391.01    0.2829E+03      1      1   1025.00      0.00      0.00      0.00
  129     970.46  -0.1743E+04   0.2772E+07      0.1029      0.0000      1.3462    0.1885E+09   1391.00    0.2829E+03      1      1   1025.00      0.00      0.00      0.00
  130     978.04  -0.1743E+04   0.2759E+07      0.1029      0.0000      1.3462    0.1885E+09   1390.98    0.2829E+03      1      1   1025.00      0.00      0.00      0.00
  131     985.62  -0.1743E+04   0.2746E+07      0.1029      0.0000      1.3462    0.1885E+09   1391.00    0.2829E+03      1      1   1025.00      0.00      0.00      0.00
  132     993.20  -0.1743E+04   0.2732E+07      0.1029      0.0000      1.3462    0.1885E+09   1391.00    0.2829E+03      1      1   1025.00      0.00      0.00      0.00
  133    1000.79  -0.1743E+04   0.2719E+07      0.1029      0.0000      1.3462    0.1885E+09   1391.00    0.2829E+03      1      1   1025.00      0.00      0.00      0.00
  134    1008.37  -0.1743E+04   0.2706E+07      0.1029      0.0000      1.3462    0.1885E+09   1391.00    0.2829E+03      1      1   1025.00      0.00      0.00      0.00
  135    1015.95  -0.1743E+04   0.2693E+07      0.1029      0.0000      1.3462    0.1885E+09   1391.00    0.2829E+03      1      1   1025.00      0.00      0.00      0.00
  136    1023.53  -0.1743E+04   0.2679E+07      0.1029      0.0000      1.3462    0.1885E+09   1391.00    0.2829E+03      1      1   1025.00      0.00      0.00      0.00
  137    1031.11  -0.1743E+04   0.2666E+07      0.1029      0.0000      1.3462    0.1885E+09   1391.00    0.2829E+03      1      1   1025.00      0.00      0.00      0.00
  138    1038.69  -0.1743E+04   0.2653E+07      0.1029      0.0000      1.3462    0.1885E+09   1391.00    0.2829E+03      1      1   1025.00      0.00      0.00      0.00
  139    1046.28  -0.1743E+04   0.2640E+07      0.1029      0.0000      1.3462    0.1885E+09   1390.98    0.2829E+03      1      1   1025.00      0.00      0.00      0.00
  140    1053.86  -0.1743E+04   0.2627E+07      0.1029      0.0000      1.3462    0.1885E+09   1391.01    0.2829E+03      1      1   1025.00      0.00      0.00      0.00
  141    1061.44  -0.1743E+04   0.2613E+07      0.1029      0.0000      1.3462    0.1885E+09   1391.00    0.2829E+03      1      1   1025.00      0.00      0.00      0.00
  142    1069.02  -0.1743E+04   0.2600E+07      0.1029      0.0000      1.3462    0.1885E+09   1390.98    0.2829E+03      1      1   1025.00      0.00      0.00      0.00
  143    1076.60  -0.1743E+04   0.2587E+07      0.1029      0.0000      1.3462    0.1885E+09   1391.01    0.2829E+03      1      1   1025.00      0.00      0.00      0.00
  144    1084.18  -0.1743E+04   0.2574E+07      0.1029      0.0000      1.3462    0.1885E+09   1390.98    0.2829E+03      1      1   1025.00      0.00      0.00      0.00
  145    1091.77  -0.1743E+04   0.2560E+07      0.1029      0.0000      1.3462    0.1885E+09   1391.01    0.2829E+03      1      1   1025.00      0.00      0.00      0.00
  146    1099.35  -0.1743E+04   0.2547E+07      0.1029      0.0000      1.3462    0.1885E+09   1391.00    0.2829E+03      1      1   1025.00      0.00      0.00      0.00
  147    1106.93  -0.1743E+04   0.2534E+07      0.1029      0.0000      1.3462    0.1885E+09   1390.98    0.2829E+03      1      1   1025.00      0.00      0.00      0.00
  148    1114.51  -0.1743E+04   0.2521E+07      0.1029      0.0000      1.3462    0.1885E+09   1391.01    0.2829E+03      1      1   1025.00      0.00      0.00      0.00
  149    1122.09  -0.1743E+04   0.2508E+07      0.1029      0.0000      1.3462    0.1885E+09   1390.98    0.2829E+03      1      1   1025.00      0.00      0.00      0.00
  150    1129.67  -0.1743E+04   0.2494E+07      0.1029      0.0000      1.3462    0.1885E+09   1391.00    0.2829E+03      1      1   1025.00      0.00      0.00      0.00
  151    1137.26  -0.1743E+04   0.2481E+07      0.1029      0.0000      1.3462    0.1885E+09   1391.00    0.2829E+03      1      1   1025.00      0.00      0.00      0.00
  152    1144.84  -0.1743E+04   0.2468E+07      0.1029      0.0000      1.3462    0.1885E+09   1391.00    0.2829E+03      1      1   1025.00      0.00      0.00      0.00
  153    1152.42  -0.1743E+04   0.2455E+07      0.1029      0.0000      1.3462    0.1885E+09   1390.98    0.2829E+03      1      1   1025.00      0.00      0.00      0.00
  154    1160.00  -0.1743E+04   0.2442E+07      0.1029      0.0000      1.3462    0.1885E+09   1391.01    0.2829E+03      1      1   1025.00      0.00      0.00      0.00
  155    1167.58  -0.1743E+04   0.2428E+07      0.1029      0.0000      1.3462    0.1885E+09   1391.00    0.2829E+03      1      1   1025.00      0.00      0.00      0.00
  156    1175.16  -0.1743E+04   0.2415E+07      0.1029      0.0000      1.3462    0.1885E+09   1390.98    0.2829E+03      1      1   1025.00      0.00      0.00      0.00
  157    1182.75  -0.1743E+04   0.2402E+07      0.1029      0.0000      1.3462    0.1885E+09   1391.01    0.2829E+03      1      1   1025.00      0.00      0.00      0.00
  158    1190.33  -0.1743E+04   0.2389E+07      0.1029      0.0000      1.3462    0.1885E+09   1390.98    0.2829E+03      1      1   1025.00      0.00      0.00      0.00
  159    1197.91  -0.1743E+04   0.2375E+07      0.1029      0.0000      1.3462    0.1885E+09   1391.01    0.2829E+03      1      1   1025.00      0.00      0.00      0.00
  160    1205.49  -0.1743E+04   0.2362E+07      0.1029      0.0000      1.3462    0.1885E+09   1391.00    0.2829E+03      1      1   1025.00      0.00      0.00      0.00
  161    1213.07  -0.1743E+04   0.2349E+07      0.1029      0.0000      1.3462    0.1885E+09   1390.98    0.2829E+03      1      1   1025.00      0.00      0.00      0.00
  162    1220.66  -0.1743E+04   0.2336E+07      0.1029      0.0000      1.3462    0.1885E+09   1391.01    0.2829E+03      1      1   1025.00      0.00      0.00      0.00
  163    1228.24  -0.1743E+04   0.2323E+07      0.1029      0.0000      1.3462    0.1885E+09   1390.98    0.2829E+03      1      1   1025.00      0.00      0.00      0.00
  164    1235.82  -0.1743E+04   0.2309E+07      0.1029      0.0000      1.3462    0.1885E+09   1391.00    0.2829E+03      1      1   1025.00      0.00      0.00      0.00
  165    1243.40  -0.1743E+04   0.2296E+07      0.1029      0.0000      1.3462    0.1885E+09   1391.01    0.2829E+03      1      1   1025.00      0.00      0.00      0.00
  166    1250.98  -0.1743E+04   0.2283E+07      0.1029      0.0000      1.3462    0.1885E+09   1390.98    0.2829E+03      1      1   1025.00      0.00      0.00      0.00
  167    1258.56  -0.1743E+04   0.2270E+07      0.1029      0.0000      1.3462    0.1885E+09   1391.00    0.2829E+03      1      1   1025.00      0.00      0.00      0.00
  168    1266.15  -0.1743E+04   0.2257E+07      0.1029      0.0000      1.3462    0.1885E+09   1391.00    0.2829E+03      1      1   1025.00      0.00      0.00      0.00
  169    1273.73  -0.1743E+04   0.2243E+07      0.1029      0.0000      1.3462    0.1885E+09   1391.00    0.2829E+03      1      1   1025.00      0.00      0.00      0.00
  170    1281.31  -0.1743E+04   0.2230E+07      0.1029      0.0000      1.3462    0.1885E+09   1391.01    0.2829E+03      1      1   1025.00      0.00      0.00      0.00
  171    1288.89  -0.1743E+04   0.2217E+07      0.1029      0.0000      1.3462    0.1885E+09   1390.98    0.2829E+03      1      1   1025.00      0.00      0.00      0.00
  172    1296.47  -0.1743E+04   0.2204E+07      0.1029      0.0000      1.3462    0.1885E+09   1391.00    0.2829E+03      1      1   1025.00      0.00      0.00      0.00
  173    1304.05  -0.1743E+04   0.2190E+07      0.1029      0.0000      1.3462    0.1885E+09   1391.00    0.2829E+03      1      1   1025.00      0.00      0.00      0.00
  174    1311.64  -0.1743E+04   0.2177E+07      0.1029      0.0000      1.3462    0.1885E+09   1391.00    0.2829E+03      1      1   1025.00      0.00      0.00      0.00
  175    1319.22  -0.1743E+04   0.2164E+07      0.1029      0.0000      1.3462    0.1885E+09   1390.98    0.2829E+03      1      1   1025.00      0.00      0.00      0.00
  176    1326.80  -0.1743E+04   0.2151E+07      0.1029      0.0000      1.3462    0.1885E+09   1391.01    0.2829E+03      1      1   1025.00      0.00      0.00      0.00
  177    1334.38  -0.1743E+04   0.2138E+07      0.1029      0.0000      1.3462    0.1885E+09   1391.00    0.2829E+03      1      1   1025.00      0.00      0.00      0.00
  178    1341.96  -0.1743E+04   0.2124E+07      0.1029      0.0000      1.3462    0.1885E+09   1390.98    0.2829E+03      1      1   1025.00      0.00      0.00      0.00
  179    1349.54  -0.1743E+04   0.2111E+07      0.1029      0.0000      1.3462    0.1885E+09   1391.01    0.2829E+03      1      1   1025.00      0.00      0.00      0.00
  180    1357.13  -0.1743E+04   0.2098E+07      0.1029      0.0000      1.3462    0.1885E+09   1390.98    0.2829E+03      1      1   1025.00      0.00      0.00      0.00
  181    1364.71  -0.1743E+04   0.2085E+07      0.1029      0.0000      1.3462    0.1885E+09   1391.00    0.2829E+03      1      1   1025.00      0.00      0.00      0.00
  182    1372.29  -0.2168E+04   0.2068E+07      0.1029      0.0000      0.5334    0.1885E+09   1351.30    0.2829E+03      1      5   1025.00      0.00      0.00      0.00
  183    1379.87  -0.6419E+04   0.2020E+07      0.1029      0.0000      0.5334    0.1885E+09    954.12    0.2829E+03      1      5   1025.00      0.00      0.00      0.00
  184    1387.45  -0.6420E+04   0.1971E+07      0.1029      0.0000      0.5334    0.1885E+09    954.14    0.2829E+03      1      5   1025.00      0.00      0.00      0.00
  185    1395.03  -0.6419E+04   0.1922E+07      0.1029      0.0000      0.5334    0.1885E+09    954.12    0.2829E+03      1      5   1025.00      0.00      0.00      0.00
  186    1402.62  -0.6419E+04   0.1874E+07      0.1029      0.0000      0.5334    0.1885E+09    954.12    0.2829E+03      1      5   1025.00      0.00      0.00      0.00
  187    1410.20  -0.6420E+04   0.1825E+07      0.1029      0.0000      0.5334    0.1885E+09    954.14    0.2829E+03      1      5   1025.00      0.00      0.00      0.00
  188    1417.78  -0.6419E+04   0.1776E+07      0.1029      0.0000      0.5334    0.1885E+09    954.12    0.2829E+03      1      5   1025.00      0.00      0.00      0.00
  189    1425.36  -0.6419E+04   0.1728E+07      0.1029      0.0000      0.5334    0.1885E+09    954.12    0.2829E+03      1      5   1025.00      0.00      0.00      0.00
  190    1432.94  -0.6420E+04   0.1679E+07      0.1029      0.0000      0.5334    0.1885E+09    954.14    0.2829E+03      1      5   1025.00      0.00      0.00      0.00
  191    1440.52  -0.6419E+04   0.1630E+07      0.1029      0.0000      0.5334    0.1885E+09    954.12    0.2829E+03      1      5   1025.00      0.00      0.00      0.00
  192    1448.11  -0.6419E+04   0.1582E+07      0.1029      0.0000      0.5334    0.1885E+09    954.14    0.2829E+03      1      5   1025.00      0.00      0.00      0.00
  193    1455.69  -0.6420E+04   0.1533E+07      0.1029      0.0000      0.5334    0.1885E+09    954.14    0.2829E+03      1      5   1025.00      0.00      0.00      0.00
  194    1463.27  -0.6419E+04   0.1484E+07      0.1029      0.0000      0.5334    0.1885E+09    954.12    0.2829E+03      1      5   1025.00      0.00      0.00      0.00
  195    1470.85  -0.6419E+04   0.1436E+07      0.1029      0.0000      0.5334    0.1885E+09    954.12    0.2829E+03      1      5   1025.00      0.00      0.00      0.00
  196    1478.43  -0.6420E+04   0.1387E+07      0.1029      0.0000      0.5334    0.1885E+09    954.14    0.2829E+03      1      5   1025.00      0.00      0.00      0.00
  197    1486.01  -0.6419E+04   0.1338E+07      0.1029      0.0000      0.5334    0.1885E+09    954.12    0.2829E+03      1      5   1025.00      0.00      0.00      0.00
  198    1493.60  -0.6420E+04   0.1290E+07      0.1029      0.0000      0.5334    0.1885E+09    954.14    0.2829E+03      1      5   1025.00      0.00      0.00      0.00
  199    1501.18  -0.6419E+04   0.1241E+07      0.1029      0.0000      0.5334    0.1885E+09    954.12    0.2829E+03      1      5   1025.00      0.00      0.00      0.00
  200    1508.76  -0.6419E+04   0.1192E+07      0.1029      0.0000      0.5334    0.1885E+09    954.12    0.2829E+03      1      5   1025.00      0.00      0.00      0.00
 0
 3
 137.160004
 0.533400118
 0.533400118 1.74624994E-02
 188526304.
 525.780029
 1.34619999
 0.533400118 1.74624994E-02
 188526304.
 845.820007
 1.32079995
 0.533400118 1.74624994E-02
 188526304.
