  0.0700  0.0000  0.4128  0.5000  1.5686  0.0000
  0.0800  0.0000  0.3820  0.5000  1.5686  0.0000
  0.0900  0.0059  0.4004  0.5000  1.5686  0.0020
  0.1000  0.0314  0.4108  0.5000  1.5686  0.0092
  0.1100  0.0601  0.3832  0.5000  1.5686  0.0176
  0.1200  0.0908  0.3360  0.5000  1.5686  0.0268
  0.1300  0.1242  0.3016  0.5000  1.5686  0.0366
  0.1400  0.1614  0.2904  0.5000  1.5686  0.0477
  0.1500  0.2026  0.2936  0.5000  1.5686  0.0595
  0.1600  0.2412  0.3160  0.5000  1.5686  0.0706
  0.1700  0.2752  0.3288  0.5000  1.5686  0.0810
  0.1800  0.3523  0.3316  0.5000  1.5686  0.1033
  0.1900  0.3667  0.3564  0.5000  1.5686  0.1078
  0.2000  0.5137  0.5704  0.5000  1.5686  0.1510
  0.2100  0.6993  1.4608  0.5000  1.5686  0.2059
  0.2200  0.5046  1.7156  0.5000  1.5686  0.1484
  0.2300  0.2248  1.7152  0.5000  1.5686  0.0660
  0.2400  0.0353  1.6560  0.5000  1.5686  0.0105
  0.2500  0.0000  1.5016  0.5000  1.5686  0.0000
  0.2600  0.0000  1.3704  0.5000  1.5686  0.0000
  0.2700  0.0000  1.2940  0.5000  1.5686  0.0000
  0.2800  0.0000  1.2528  0.5000  1.5686  0.0000
  0.2900  0.0647  1.2320  0.5000  1.5686  0.0190
  0.3000  0.0595  1.2188  0.5000  1.5686  0.0176
  0.3100  0.0608  1.2048  0.5000  1.5686  0.0176
  0.3200  0.0503  1.1916  0.5000  1.5686  0.0150
  0.3300  0.0235  1.1816  0.5000  1.5686  0.0072
  0.3400  0.0000  1.1716  0.5000  1.5686  0.0000
  0.3500  0.0000  1.1608  0.5000  1.5686  0.0000
  0.3600  0.0000  1.1496  0.5000  1.5686  0.0000
  0.3700  0.0000  1.1384  0.5000  1.5686  0.0000
  0.3800  0.0000  1.1268  0.5000  1.5686  0.0000
  0.3900  0.0000  1.1136  0.5000  1.5686  0.0000
  0.4000  0.0000  1.0968  0.5000  1.5686  0.0000
  0.4100  0.0000  1.0824  0.5000  1.5686  0.0000
  0.4200  0.0000  1.0824  0.5000  1.5686  0.0000
