0.0000   0.0000   -0.7   1.0000   2.00000000   0.00000000   
0.1000   0.0000   -0.7   1.0000   2.00000000   0.00000000   
0.1121   0.1905   -0.7   1.0000   2.00000000   0.06060606   
0.1242   0.3810   -0.7   1.0000   2.00000000   0.12121212   
0.1364   0.5714   -0.5   1.0000   2.00000000   0.18181818   
0.1485   0.7619   -0.3   1.0000   2.00000000   0.24242424   
0.1606   0.9524   0.0946   1.0000   2.00000000   0.30303030   
0.1727   1.0664   2.5284   1.0000   2.00000000   0.35000000   
0.1848   0.9172   2.7723   1.0000   2.00000000   0.35000000   
0.1970   0.7681   2.4002   1.0000   2.00000000   0.35000000   
0.2091   0.7000   1.9000   1.0000   2.00000000   0.35000000   
0.2212   0.7000   1.6679   1.0000   2.00000000   0.35000000   
0.2333   0.7000   1.5745   1.0000   2.00000000   0.35000000   
0.2455   0.7000   1.5231   1.0000   2.00000000   0.35000000   
0.2576   0.7000   1.4741   1.0000   2.00000000   0.35000000   
0.2697   0.6730   1.4362   1.0000   2.00000000   0.33479021   
0.2818   0.5238   1.3956   1.0000   2.00000000   0.25087413   
0.2939   0.       1.3532   1.0000   2.00000000   0.
0.3061   0.       1.3085   1.0000   2.00000000   0.
0.3182   0.       1.2515   1.0000   2.00000000   0.
0.3303   0.       1.1974   1.0000   2.00000000   0.
0.3424   0.       1.1519   1.0000   2.00000000   0.
0.3545   0.       1.1065   1.0000   2.00000000   0.
0.3667   0.       1.0610   1.0000   2.00000000   0.
0.3788   0.       1.0169   1.0000   2.00000000   0.
0.3909   0.       1.0000   1.0000   2.00000000   0.
0.4030   0.       1.0000   1.0000   2.00000000   0.
0.4152   0.       1.0000   1.0000   2.00000000   0.
0.4273   0.       1.0000   1.0000   2.00000000   0.
0.4394   0.       1.0000   1.0000   2.00000000   0.
0.4515   0.       1.0000   1.0000   2.00000000   0.
0.4636   0.       1.0000   1.0000   2.00000000   0.
0.4758   0.       1.0000   1.0000   2.00000000   0.
0.4879   0.       1.0000   1.0000   2.00000000   0.
0.5000   0.0000   1.0000   1.0000   2.00000000   0.00000000   
0.7000   0.0000   1.0000   1.0000   2.00000000   0.00000000   

 
 
