  0.056  0.000 -0.468  1.000  2.400  0.000
  0.064  0.000 -0.545  1.000  2.400  0.000
  0.072  0.009 -0.499  1.000  2.400  0.003
  0.080  0.048 -0.473  1.000  2.400  0.014
  0.088  0.092 -0.542  1.000  2.400  0.027
  0.096  0.139 -0.660  1.000  2.400  0.041
  0.104  0.190 -0.746  1.000  2.400  0.056
  0.112  0.247 -0.774  1.000  2.400  0.073
  0.120  0.310 -0.766  1.000  2.400  0.091
  0.128  0.369 -0.710  1.000  2.400  0.108
  0.136  0.421 -0.678  1.000  2.400  0.124
  0.144  0.539 -0.671  1.000  2.400  0.158
  0.152  0.561 -0.609  1.000  2.400  0.165
  0.160  0.786 -0.074  1.000  2.400  0.231
  0.168  1.070  2.152  1.000  2.400  0.315
  0.176  0.772  2.789  1.000  2.400  0.227
  0.184  0.344  2.788  1.000  2.400  0.101
  0.192  0.054  2.640  1.000  2.400  0.016
  0.200  0.000  2.254  1.000  2.400  0.000
  0.208  0.000  1.926  1.000  2.400  0.000
  0.216  0.000  1.735  1.000  2.400  0.000
  0.224  0.000  1.632  1.000  2.400  0.000
  0.232  0.099  1.580  1.000  2.400  0.029
  0.240  0.091  1.547  1.000  2.400  0.027
  0.248  0.093  1.512  1.000  2.400  0.027
  0.256  0.077  1.479  1.000  2.400  0.023
  0.264  0.036  1.454  1.000  2.400  0.011
  0.272  0.000  1.429  1.000  2.400  0.000
  0.280  0.000  1.402  1.000  2.400  0.000
  0.288  0.000  1.374  1.000  2.400  0.000
  0.296  0.000  1.346  1.000  2.400  0.000
  0.304  0.000  1.317  1.000  2.400  0.000
  0.312  0.000  1.284  1.000  2.400  0.000
  0.320  0.000  1.242  1.000  2.400  0.000
  0.328  0.000  1.206  1.000  2.400  0.000
  0.336  0.000  1.206  1.000  2.400  0.000
