0.2000    0.0      0.0000   0.0000   0.00        0.00
0.2200    0.0      0.0000   0.0000   0.00        0.00
0.2400    0.0      0.0000   0.0000   0.00        0.00
0.2550    0.0      0.0000   0.0000   0.00        0.00
0.2600    0.010    0.0000   0.0100   0.00         0.05
0.2800    0.014    0.0132   0.9703   1.11         0.05
0.3000    0.016    0.0653   1.3565   1.43         0.05
0.3200    0.020    0.2021   1.6558   1.49         0.05
0.3400    0.016    0.4905   1.2440   1.35         0.05
0.3600    0.010    0.6349   0.2416   1.09         0.04
0.3650    0.007    0.6423   0.1395   0.89         0.03
0.3700    0.017    0.6440   1.50     2.50        0.065
0.3800    0.018    0.6500   1.64     2.50        0.085
0.3900    0.025    0.6600   1.64     2.50        0.085
0.4000    0.025    0.6700   1.64     2.50        0.090
0.4200    0.025    0.6900   1.64     2.50        0.097
0.4400    0.025    0.7000   1.64     2.50        0.085
0.4600    0.025    0.7200   1.64     2.50        0.080
0.4800    0.025    0.7486   1.64     2.50        0.075
0.5000    0.027    0.8239   1.64     2.50        0.060
0.5200    0.034    0.8473   1.64     2.50        0.055
0.5400    0.040    0.8649   1.64     2.50        0.050
0.5600    0.046    0.8958   1.64     2.50        0.047
0.5800    0.048    0.9655   1.64     2.50        0.045
0.6000    0.048    1.0295   1.64     2.50        0.035
0.6200    0.044    1.0401   1.64     2.50        0.030
0.6400    0.030    1.0369   1.64     2.50        0.030
0.6600    0.025    1.0368   1.00     2.50        0.030
0.6800    0.020    1.0377   1.00     2.50        0.020
0.7000    0.020    1.0373   1.00     2.50        0.010
0.7200    0.018    1.0353   1.00     2.50        0.010
0.7400    0.014    1.0324   1.00     2.50        0.010
0.7600    0.012    1.0294   1.00     2.50        0.010
0.7800    0.010    1.0270   0.50     2.50        0.010
0.7900    0.0      1.0260   0.0000   0.00         0.00
0.8000    0.0      1.0253   0.0000   0.00         0.00
0.8200    0.0      1.0243   0.0000   0.00         0.00
0.8400    0.0      1.0235   0.0000   0.00         0.00
0.8600    0.00     1.0229   0.0000   0.00         0.00
0.8800    0.00     1.0224   0.0000   0.00         0.00
0.9000    0.00     1.0218   0.0000   0.00         0.00

 
 
