 1035.45996 560475.875 850.392029 0.00000000E+00 0.00000000E+00 1.51451302 0.00000000E+00 -542.659729
 1030.25659 557652.188 835.261780 0.00000000E+00 0.00000000E+00 1.50080335 0.00000000E+00 -538.756958
 1025.05334 554828.500 820.152771 0.00000000E+00 0.00000000E+00 1.48709381 0.00000000E+00 -534.854126
 1019.85004 552009.438 805.040771 0.00000000E+00 0.00000000E+00 1.47337997 0.00000000E+00 -530.949646
 1014.64667 549306.000 789.962402 0.00000000E+00 0.00000000E+00 1.45956218 0.00000000E+00 -527.002747
 1009.44336 546602.625 774.893127 0.00000000E+00 0.00000000E+00 1.44574440 0.00000000E+00 -523.055908
 1004.24005 543899.375 759.841980 0.00000000E+00 0.00000000E+00 1.43118477 0.00000000E+00 -519.345947
 999.036743 541197.500 744.803223 0.00000000E+00 0.00000000E+00 1.40769029 0.00000000E+00 -518.489075
 993.833435 538495.688 729.782715 0.00000000E+00 0.00000000E+00 1.38419569 0.00000000E+00 -517.632202
 988.630127 535796.625 714.783386 0.00000000E+00 0.00000000E+00 1.35951364 0.00000000E+00 -516.837097
 983.426819 533119.500 699.793396 0.00000000E+00 0.00000000E+00 1.32552958 0.00000000E+00 -516.526245
 978.223511 530442.312 684.821594 0.00000000E+00 0.00000000E+00 1.29154551 0.00000000E+00 -516.215332
 973.020142 527762.875 669.883423 0.00000000E+00 0.00000000E+00 1.25756598 0.00000000E+00 -515.952820
 967.816833 525070.688 654.951172 0.00000000E+00 0.00000000E+00 1.22361100 0.00000000E+00 -515.952820
 962.613525 522378.531 640.052612 0.00000000E+00 0.00000000E+00 1.18965602 0.00000000E+00 -515.952820
 957.410217 519689.375 625.163086 0.00000000E+00 0.00000000E+00 1.15445161 0.00000000E+00 -516.059326
 952.206909 517012.281 610.301025 0.00000000E+00 0.00000000E+00 1.11418748 0.00000000E+00 -516.597168
 947.003601 514335.188 595.463379 0.00000000E+00 0.00000000E+00 1.07392323 0.00000000E+00 -517.135010
 941.800293 511650.469 580.653198 0.00000000E+00 0.00000000E+00 1.03359222 0.00000000E+00 -517.803528
 936.596924 508941.656 565.861328 0.00000000E+00 0.00000000E+00 0.993050694 0.00000000E+00 -518.884766
 931.393616 506232.875 551.102783 0.00000000E+00 0.00000000E+00 0.952509105 0.00000000E+00 -519.966064
 926.190308 503523.594 536.362671 0.00000000E+00 0.00000000E+00 0.912792146 0.00000000E+00 -520.337585
 920.987000 500813.188 521.662170 0.00000000E+00 0.00000000E+00 0.875148356 0.00000000E+00 -518.924683
 915.783691 498102.750 506.983002 0.00000000E+00 0.00000000E+00 0.837504566 0.00000000E+00 -517.511780
 910.580383 495407.281 492.343506 0.00000000E+00 0.00000000E+00 0.801178455 0.00000000E+00 -516.247437
 905.377075 492742.094 477.731415 0.00000000E+00 0.00000000E+00 0.767521679 0.00000000E+00 -515.284058
 900.173706 490076.906 463.161896 0.00000000E+00 0.00000000E+00 0.733864963 0.00000000E+00 -514.320740
 894.970398 487405.812 448.622986 0.00000000E+00 0.00000000E+00 0.700225472 0.00000000E+00 -513.924561
 889.767090 484724.938 434.120605 0.00000000E+00 0.00000000E+00 0.666614771 0.00000000E+00 -514.468079
 884.563782 482044.062 419.673004 0.00000000E+00 0.00000000E+00 0.633004010 0.00000000E+00 -515.011658
 879.360474 479362.750 405.262085 0.00000000E+00 0.00000000E+00 0.608111322 0.00000000E+00 -515.160156
 874.157166 476680.875 390.890808 0.00000000E+00 0.00000000E+00 0.595115900 0.00000000E+00 -514.769653
 868.953857 473999.000 376.583496 0.00000000E+00 0.00000000E+00 0.582120538 0.00000000E+00 -514.379150
 863.750488 471323.188 362.321899 0.00000000E+00 0.00000000E+00 0.570461571 0.00000000E+00 -513.511292
 858.547241 468654.250 348.121185 0.00000000E+00 0.00000000E+00 0.560306311 0.00000000E+00 -512.106323
 853.343872 465985.312 333.972412 0.00000000E+00 0.00000000E+00 0.550151050 0.00000000E+00 -510.701324
 848.140564 463332.062 319.902893 0.00000000E+00 0.00000000E+00 0.539998174 0.00000000E+00 -510.349609
 842.937256 460693.250 305.891205 0.00000000E+00 0.00000000E+00 0.529847562 0.00000000E+00 -510.968018
 837.733948 458054.469 291.961914 0.00000000E+00 0.00000000E+00 0.519696891 0.00000000E+00 -511.586426
 832.530640 455387.750 278.120789 0.00000000E+00 0.00000000E+00 0.509560823 0.00000000E+00 -513.282288
 827.327271 452700.000 264.362213 0.00000000E+00 0.00000000E+00 0.499435633 0.00000000E+00 -515.789001
 822.124023 450012.250 250.691895 0.00000000E+00 0.00000000E+00 0.489310473 0.00000000E+00 -518.295715
 816.920654 447307.000 237.131302 0.00000000E+00 0.00000000E+00 0.479200900 0.00000000E+00 -519.227234
 811.717346 444591.188 223.692703 0.00000000E+00 0.00000000E+00 0.469100714 0.00000000E+00 -519.212341
 806.514038 441875.375 210.373001 0.00000000E+00 0.00000000E+00 0.459000528 0.00000000E+00 -519.197510
 801.310730 439178.938 197.193405 0.00000000E+00 0.00000000E+00 0.447187066 0.00000000E+00 -518.274658
 796.107422 436491.719 184.151001 0.00000000E+00 0.00000000E+00 0.434554040 0.00000000E+00 -516.917480
 790.904053 433804.500 171.282303 0.00000000E+00 0.00000000E+00 0.421921045 0.00000000E+00 -515.560364
 785.700806 431126.750 158.602707 0.00000000E+00 0.00000000E+00 0.408770114 0.00000000E+00 -515.284363
 780.497437 428452.469 146.112106 0.00000000E+00 0.00000000E+00 0.395427555 0.00000000E+00 -515.408325
 775.294128 425778.219 133.852905 0.00000000E+00 0.00000000E+00 0.382084996 0.00000000E+00 -515.532227
 770.090820 423090.844 121.840797 0.00000000E+00 0.00000000E+00 0.368774325 0.00000000E+00 -514.046509
 764.887512 420399.875 110.102898 0.00000000E+00 0.00000000E+00 0.355472356 0.00000000E+00 -512.122070
 759.684204 417708.938 98.6729126 0.00000000E+00 0.00000000E+00 0.342170358 0.00000000E+00 -510.197632
 754.480835 415081.719 87.5933838 0.00000000E+00 0.00000000E+00 0.328904331 0.00000000E+00 -509.482239
 749.277588 412466.375 76.8919067 0.00000000E+00 0.00000000E+00 0.315645069 0.00000000E+00 -508.991211
 744.074219 409851.000 66.6323929 0.00000000E+00 0.00000000E+00 0.302385807 0.00000000E+00 -508.500183
 738.870972 407181.125 56.8513184 0.00000000E+00 0.00000000E+00 0.289175510 0.00000000E+00 -511.611389
 733.667603 404505.219 47.6127892 0.00000000E+00 0.00000000E+00 0.275970519 0.00000000E+00 -515.118042
 728.464294 401829.375 38.9808311 0.00000000E+00 0.00000000E+00 0.262765586 0.00000000E+00 -518.624695
 723.260986 399108.469 31.0225792 0.00000000E+00 0.00000000E+00 0.256445169 0.00000000E+00 -516.989990
 718.057617 396385.656 23.8018799 0.00000000E+00 0.00000000E+00 0.250421107 0.00000000E+00 -515.133850
 712.854370 393664.719 17.4132099 0.00000000E+00 0.00000000E+00 0.244474277 0.00000000E+00 -513.276794
 707.651001 391045.688 11.9024696 0.00000000E+00 0.00000000E+00 0.242714867 0.00000000E+00 -511.369537
 702.447754 388426.656 7.37310791 0.00000000E+00 0.00000000E+00 0.240955472 0.00000000E+00 -509.462311
 697.244385 385804.000 3.86181593 0.00000000E+00 0.00000000E+00 0.239196137 0.00000000E+00 -507.790558
 692.041077 383139.562 1.44171095 0.00000000E+00 0.00000000E+00 0.237437725 0.00000000E+00 -508.833588
 686.837769 380475.125 0.143249497 0.00000000E+00 0.00000000E+00 0.235679314 0.00000000E+00 -509.876617
 681.634460 377812.594 0.00000000E+00 0.00000000E+00 0.00000000E+00 0.233920604 0.00000000E+00 -510.716431
 676.431152 375161.688 0.00000000E+00 0.00000000E+00 0.00000000E+00 0.232160106 0.00000000E+00 -510.323761
 671.227783 372510.781 0.00000000E+00 0.00000000E+00 0.00000000E+00 0.230399624 0.00000000E+00 -509.931122
 666.024536 369859.562 0.00000000E+00 0.00000000E+00 0.00000000E+00 0.228640169 0.00000000E+00 -509.538452
 660.821167 367207.062 0.00000000E+00 0.00000000E+00 0.00000000E+00 0.226884648 0.00000000E+00 -509.145630
 655.617859 364554.562 0.00000000E+00 0.00000000E+00 0.00000000E+00 0.225129128 0.00000000E+00 -508.752838
 650.414551 361905.750 0.00000000E+00 0.00000000E+00 0.00000000E+00 0.223372146 0.00000000E+00 -508.197205
 645.211243 359266.844 0.00000000E+00 0.00000000E+00 0.00000000E+00 0.221611187 0.00000000E+00 -507.202057
 640.007935 356627.938 0.00000000E+00 0.00000000E+00 0.00000000E+00 0.219850212 0.00000000E+00 -506.206909
 634.804565 353994.688 0.00000000E+00 0.00000000E+00 0.00000000E+00 0.218087733 0.00000000E+00 -505.721832
 629.601318 351372.531 0.00000000E+00 0.00000000E+00 0.00000000E+00 0.216322243 0.00000000E+00 -506.238953
 624.397949 348750.375 0.00000000E+00 0.00000000E+00 0.00000000E+00 0.214556739 0.00000000E+00 -506.756104
 619.194641 346115.125 0.00000000E+00 0.00000000E+00 0.00000000E+00 0.212795407 0.00000000E+00 -507.505829
 613.991333 343460.562 0.00000000E+00 0.00000000E+00 0.00000000E+00 0.211040273 0.00000000E+00 -508.600708
 608.788025 340805.969 0.00000000E+00 0.00000000E+00 0.00000000E+00 0.209285140 0.00000000E+00 -509.695618
 603.584717 338150.844 0.00000000E+00 0.00000000E+00 0.00000000E+00 0.207526550 0.00000000E+00 -509.365326
 598.381348 335495.188 0.00000000E+00 0.00000000E+00 0.00000000E+00 0.205764085 0.00000000E+00 -507.428589
 593.178101 332839.531 0.00000000E+00 0.00000000E+00 0.00000000E+00 0.204001635 0.00000000E+00 -505.491882
 587.974731 330216.312 0.00000000E+00 0.00000000E+00 0.00000000E+00 0.202238917 0.00000000E+00 -503.562988
 582.771423 327620.844 0.00000000E+00 0.00000000E+00 0.00000000E+00 0.200475961 0.00000000E+00 -501.640808
 577.568115 325025.375 0.00000000E+00 0.00000000E+00 0.00000000E+00 0.198713019 0.00000000E+00 -499.718628
 572.364807 322428.969 0.00000000E+00 0.00000000E+00 0.00000000E+00 0.156901985 0.00000000E+00 -499.026123
 567.161499 319831.938 0.00000000E+00 0.00000000E+00 0.00000000E+00 8.92925635E-02 0.00000000E+00 -499.125763
 561.958130 317234.875 0.00000000E+00 0.00000000E+00 0.00000000E+00 2.16827411E-02 0.00000000E+00 -499.225433
 556.754883 314636.812 0.00000000E+00 0.00000000E+00 0.00000000E+00 0.00000000E+00 0.00000000E+00 -499.982147
 551.551514 312038.219 0.00000000E+00 0.00000000E+00 0.00000000E+00 0.00000000E+00 0.00000000E+00 -501.049103
 546.348206 309439.625 0.00000000E+00 0.00000000E+00 0.00000000E+00 0.00000000E+00 0.00000000E+00 -502.116058
 541.144897 306817.781 0.00000000E+00 0.00000000E+00 0.00000000E+00 0.00000000E+00 0.00000000E+00 -502.417999
 535.941589 304188.219 0.00000000E+00 0.00000000E+00 0.00000000E+00 0.00000000E+00 0.00000000E+00 -502.467834
 530.738281 301558.688 0.00000000E+00 0.00000000E+00 0.00000000E+00 0.00000000E+00 0.00000000E+00 -502.517700
 525.534912 298953.406 0.00000000E+00 0.00000000E+00 0.00000000E+00 0.00000000E+00 0.00000000E+00 -501.702698
 520.331665 296353.312 0.00000000E+00 0.00000000E+00 0.00000000E+00 0.00000000E+00 0.00000000E+00 -500.704987
 515.128296 293753.156 0.00000000E+00 0.00000000E+00 0.00000000E+00 0.00000000E+00 0.00000000E+00 -499.707245
 509.924988 291153.906 0.00000000E+00 0.00000000E+00 0.00000000E+00 0.00000000E+00 0.00000000E+00 -498.364227
 504.721680 288554.781 0.00000000E+00 0.00000000E+00 0.00000000E+00 0.00000000E+00 0.00000000E+00 -496.982910
 499.518372 285955.656 0.00000000E+00 0.00000000E+00 0.00000000E+00 0.00000000E+00 0.00000000E+00 -495.601562
 494.315063 283396.469 0.00000000E+00 0.00000000E+00 0.00000000E+00 0.00000000E+00 0.00000000E+00 -493.716827
 489.111755 280838.344 0.00000000E+00 0.00000000E+00 0.00000000E+00 0.00000000E+00 0.00000000E+00 -491.818451
 483.908447 278281.125 0.00000000E+00 0.00000000E+00 0.00000000E+00 0.00000000E+00 0.00000000E+00 -490.019501
 478.705078 275739.719 0.00000000E+00 0.00000000E+00 0.00000000E+00 0.00000000E+00 0.00000000E+00 -490.019501
 473.501770 273198.375 0.00000000E+00 0.00000000E+00 0.00000000E+00 0.00000000E+00 0.00000000E+00 -490.019501
 468.298462 270654.844 0.00000000E+00 0.00000000E+00 0.00000000E+00 0.00000000E+00 0.00000000E+00 -490.162292
 463.095154 268096.719 0.00000000E+00 0.00000000E+00 0.00000000E+00 0.00000000E+00 0.00000000E+00 -491.266327
 457.891846 265538.625 0.00000000E+00 0.00000000E+00 0.00000000E+00 0.00000000E+00 0.00000000E+00 -492.370331
 452.688538 262977.031 0.00000000E+00 0.00000000E+00 0.00000000E+00 0.00000000E+00 0.00000000E+00 -492.838104
 447.485229 260402.125 0.00000000E+00 0.00000000E+00 0.00000000E+00 0.00000000E+00 0.00000000E+00 -490.883606
 442.281921 257827.219 0.00000000E+00 0.00000000E+00 0.00000000E+00 0.00000000E+00 0.00000000E+00 -488.929108
 437.078552 255274.266 0.00000000E+00 0.00000000E+00 0.00000000E+00 0.00000000E+00 0.00000000E+00 -486.820282
 431.875244 252775.562 0.00000000E+00 0.00000000E+00 0.00000000E+00 0.00000000E+00 0.00000000E+00 -484.330963
 426.671936 250276.859 0.00000000E+00 0.00000000E+00 0.00000000E+00 0.00000000E+00 0.00000000E+00 -481.841644
 421.468628 247777.953 0.00000000E+00 0.00000000E+00 0.00000000E+00 0.00000000E+00 0.00000000E+00 -479.923981
 416.265320 245278.734 0.00000000E+00 0.00000000E+00 0.00000000E+00 0.00000000E+00 0.00000000E+00 -478.984039
 411.062012 242779.516 0.00000000E+00 0.00000000E+00 0.00000000E+00 0.00000000E+00 0.00000000E+00 -478.044067
 405.858704 240293.344 0.00000000E+00 0.00000000E+00 0.00000000E+00 0.00000000E+00 0.00000000E+00 -477.119598
 400.655334 237823.094 0.00000000E+00 0.00000000E+00 0.00000000E+00 0.00000000E+00 0.00000000E+00 -476.214081
 395.452026 235352.875 0.00000000E+00 0.00000000E+00 0.00000000E+00 0.00000000E+00 0.00000000E+00 -475.308594
 390.248718 232881.844 0.00000000E+00 0.00000000E+00 0.00000000E+00 0.00000000E+00 0.00000000E+00 -474.856232
 385.045410 230410.141 0.00000000E+00 0.00000000E+00 0.00000000E+00 0.00000000E+00 0.00000000E+00 -474.801147
 379.842102 227938.422 0.00000000E+00 0.00000000E+00 0.00000000E+00 0.00000000E+00 0.00000000E+00 -474.746094
 374.638794 225468.609 0.00000000E+00 0.00000000E+00 0.00000000E+00 0.00000000E+00 0.00000000E+00 -474.010651
 369.435486 222999.969 0.00000000E+00 0.00000000E+00 0.00000000E+00 0.00000000E+00 0.00000000E+00 -472.853668
 364.232117 220531.313 0.00000000E+00 0.00000000E+00 0.00000000E+00 0.00000000E+00 0.00000000E+00 -471.696655
 359.028809 218085.234 0.00000000E+00 0.00000000E+00 0.00000000E+00 0.00000000E+00 0.00000000E+00 -469.795898
 353.825500 215648.656 0.00000000E+00 0.00000000E+00 0.00000000E+00 0.00000000E+00 0.00000000E+00 -467.582031
 348.622192 213212.078 0.00000000E+00 0.00000000E+00 0.00000000E+00 0.00000000E+00 0.00000000E+00 -465.368164
 343.418884 210803.203 0.00000000E+00 0.00000000E+00 0.00000000E+00 0.00000000E+00 0.00000000E+00 -463.163239
 338.215576 208401.672 0.00000000E+00 0.00000000E+00 0.00000000E+00 0.00000000E+00 0.00000000E+00 -460.960724
 333.012268 206000.141 0.00000000E+00 0.00000000E+00 0.00000000E+00 0.00000000E+00 0.00000000E+00 -458.758179
 327.808960 203626.391 0.00000000E+00 0.00000000E+00 0.00000000E+00 0.00000000E+00 0.00000000E+00 -455.610260
 322.605591 201256.578 0.00000000E+00 0.00000000E+00 0.00000000E+00 0.00000000E+00 0.00000000E+00 -452.326813
 317.402283 198886.797 0.00000000E+00 0.00000000E+00 0.00000000E+00 0.00000000E+00 0.00000000E+00 -449.043396
 312.198975 196582.391 0.00000000E+00 0.00000000E+00 0.00000000E+00 0.00000000E+00 0.00000000E+00 -447.850555
 306.995667 194280.453 0.00000000E+00 0.00000000E+00 0.00000000E+00 0.00000000E+00 0.00000000E+00 -446.737274
 301.792358 191976.719 0.00000000E+00 0.00000000E+00 0.00000000E+00 0.00000000E+00 0.00000000E+00 -445.627502
 296.589050 189640.562 0.00000000E+00 0.00000000E+00 0.00000000E+00 0.00000000E+00 0.00000000E+00 -444.579834
 291.385742 187304.406 0.00000000E+00 0.00000000E+00 0.00000000E+00 0.00000000E+00 0.00000000E+00 -443.532166
 286.182373 184977.594 0.00000000E+00 0.00000000E+00 0.00000000E+00 0.00000000E+00 0.00000000E+00 -441.993835
 280.979065 182707.438 0.00000000E+00 0.00000000E+00 0.00000000E+00 0.00000000E+00 0.00000000E+00 -437.486877
 275.775757 180437.281 0.00000000E+00 0.00000000E+00 0.00000000E+00 0.00000000E+00 0.00000000E+00 -432.979919
 270.572449 178183.609 0.00000000E+00 0.00000000E+00 0.00000000E+00 0.00000000E+00 0.00000000E+00 -428.734894
 265.369141 175983.844 0.00000000E+00 0.00000000E+00 0.00000000E+00 0.00000000E+00 0.00000000E+00 -425.347137
 260.165833 173784.078 0.00000000E+00 0.00000000E+00 0.00000000E+00 0.00000000E+00 0.00000000E+00 -421.959412
 254.962524 171594.781 0.00000000E+00 0.00000000E+00 0.00000000E+00 0.00000000E+00 0.00000000E+00 -418.948242
 249.759216 169427.109 0.00000000E+00 0.00000000E+00 0.00000000E+00 0.00000000E+00 0.00000000E+00 -416.714874
 244.555847 167259.422 0.00000000E+00 0.00000000E+00 0.00000000E+00 0.00000000E+00 0.00000000E+00 -414.481506
 239.352539 165106.594 0.00000000E+00 0.00000000E+00 0.00000000E+00 0.00000000E+00 0.00000000E+00 -411.766418
 234.149231 162974.391 0.00000000E+00 0.00000000E+00 0.00000000E+00 0.00000000E+00 0.00000000E+00 -408.381653
 228.945923 160842.188 0.00000000E+00 0.00000000E+00 0.00000000E+00 0.00000000E+00 0.00000000E+00 -404.996887
 223.742615 158744.250 0.00000000E+00 0.00000000E+00 0.00000000E+00 0.00000000E+00 0.00000000E+00 -400.469177
 218.539307 156678.953 0.00000000E+00 0.00000000E+00 0.00000000E+00 0.00000000E+00 0.00000000E+00 -394.853577
 213.335999 154613.641 0.00000000E+00 0.00000000E+00 0.00000000E+00 0.00000000E+00 0.00000000E+00 -389.237976
 208.132629 152610.812 0.00000000E+00 0.00000000E+00 0.00000000E+00 0.00000000E+00 0.00000000E+00 -383.580322
 202.929321 150648.500 0.00000000E+00 0.00000000E+00 0.00000000E+00 0.00000000E+00 0.00000000E+00 -377.895538
 197.726013 148686.172 0.00000000E+00 0.00000000E+00 0.00000000E+00 0.00000000E+00 0.00000000E+00 -372.210754
 192.522705 146772.141 0.00000000E+00 0.00000000E+00 0.00000000E+00 0.00000000E+00 0.00000000E+00 -367.375153
 187.319397 144878.703 0.00000000E+00 0.00000000E+00 0.00000000E+00 0.00000000E+00 0.00000000E+00 -362.902100
 182.116089 142985.281 0.00000000E+00 0.00000000E+00 0.00000000E+00 0.00000000E+00 0.00000000E+00 -358.429016
 176.912781 141144.688 0.00000000E+00 0.00000000E+00 0.00000000E+00 0.00000000E+00 0.00000000E+00 -353.019775
 171.709412 139317.516 0.00000000E+00 0.00000000E+00 0.00000000E+00 0.00000000E+00 0.00000000E+00 -347.372162
 166.506104 137490.359 0.00000000E+00 0.00000000E+00 0.00000000E+00 0.00000000E+00 0.00000000E+00 -341.724609
 161.302795 135756.531 0.00000000E+00 0.00000000E+00 0.00000000E+00 0.00000000E+00 0.00000000E+00 -333.952240
 156.099487 134033.625 0.00000000E+00 0.00000000E+00 0.00000000E+00 0.00000000E+00 0.00000000E+00 -325.931000
 150.896179 132310.719 0.00000000E+00 0.00000000E+00 0.00000000E+00 0.00000000E+00 0.00000000E+00 -317.909760
 145.692871 130724.820 0.00000000E+00 0.00000000E+00 0.00000000E+00 0.00000000E+00 0.00000000E+00 -309.973450
 140.489563 129139.859 0.00000000E+00 0.00000000E+00 0.00000000E+00 0.00000000E+00 0.00000000E+00 -302.037689
 135.286255 127564.188 0.00000000E+00 0.00000000E+00 0.00000000E+00 0.00000000E+00 0.00000000E+00 -294.096008
 130.082886 126081.031 0.00000000E+00 0.00000000E+00 0.00000000E+00 0.00000000E+00 0.00000000E+00 -286.095032
 124.879578 124597.898 0.00000000E+00 0.00000000E+00 0.00000000E+00 0.00000000E+00 0.00000000E+00 -278.094147
 119.676270 123141.430 0.00000000E+00 0.00000000E+00 0.00000000E+00 0.00000000E+00 0.00000000E+00 -269.875031
 114.472961 121797.867 0.00000000E+00 0.00000000E+00 0.00000000E+00 0.00000000E+00 0.00000000E+00 -260.731781
 109.269653 120454.297 0.00000000E+00 0.00000000E+00 0.00000000E+00 0.00000000E+00 0.00000000E+00 -251.588547
 104.066345 119150.422 0.00000000E+00 0.00000000E+00 0.00000000E+00 0.00000000E+00 0.00000000E+00 -241.795517
 98.8630371 117943.344 0.00000000E+00 0.00000000E+00 0.00000000E+00 0.00000000E+00 0.00000000E+00 -230.418152
 93.6596680 116736.242 0.00000000E+00 0.00000000E+00 0.00000000E+00 0.00000000E+00 0.00000000E+00 -219.040649
 88.4563599 115609.977 0.00000000E+00 0.00000000E+00 0.00000000E+00 0.00000000E+00 0.00000000E+00 -207.652527
 83.2530518 114609.773 0.00000000E+00 0.00000000E+00 0.00000000E+00 0.00000000E+00 0.00000000E+00 -196.247620
 78.0497437 113609.570 0.00000000E+00 0.00000000E+00 0.00000000E+00 0.00000000E+00 0.00000000E+00 -184.842712
 72.8464355 112676.727 0.00000000E+00 0.00000000E+00 0.00000000E+00 0.00000000E+00 0.00000000E+00 -173.993744
 67.6431274 111813.711 0.00000000E+00 0.00000000E+00 0.00000000E+00 0.00000000E+00 0.00000000E+00 -163.721008
 62.4398193 110950.695 0.00000000E+00 0.00000000E+00 0.00000000E+00 0.00000000E+00 0.00000000E+00 -153.448257
 57.2364502 110190.305 0.00000000E+00 0.00000000E+00 0.00000000E+00 0.00000000E+00 0.00000000E+00 -140.408524
 52.0331421 109499.969 0.00000000E+00 0.00000000E+00 0.00000000E+00 0.00000000E+00 0.00000000E+00 -125.480499
 46.8298340 108809.633 0.00000000E+00 0.00000000E+00 0.00000000E+00 0.00000000E+00 0.00000000E+00 -110.552475
 41.6265259 108312.078 0.00000000E+00 0.00000000E+00 0.00000000E+00 0.00000000E+00 0.00000000E+00 -94.8716736
 36.4232178 107899.234 0.00000000E+00 0.00000000E+00 0.00000000E+00 0.00000000E+00 0.00000000E+00 -78.8601074
 31.2199097 107486.398 0.00000000E+00 0.00000000E+00 0.00000000E+00 0.00000000E+00 0.00000000E+00 -62.8485374
 26.0166016 107237.289 0.00000000E+00 0.00000000E+00 0.00000000E+00 0.00000000E+00 0.00000000E+00 -50.5077858
 20.8132935 107030.062 0.00000000E+00 0.00000000E+00 0.00000000E+00 0.00000000E+00 0.00000000E+00 -39.1060867
 15.6099243 106822.844 0.00000000E+00 0.00000000E+00 0.00000000E+00 0.00000000E+00 0.00000000E+00 -27.7042542
 10.4066162 106739.742 0.00000000E+00 0.00000000E+00 0.00000000E+00 0.00000000E+00 0.00000000E+00 -22.4297180
 5.20336914 106670.672 0.00000000E+00 0.00000000E+00 0.00000000E+00 0.00000000E+00 0.00000000E+00 -17.8478413
 0.00000000E+00 106601.602 0.00000000E+00 0.00000000E+00 0.00000000E+00 0.00000000E+00 0.00000000E+00 -13.2658596
 1035.45996 560475.875 850.392029 0.00000000E+00 0.00000000E+00 1.51451302 0.00000000E+00 -542.659729
 1030.25659 557652.188 835.261780 0.00000000E+00 0.00000000E+00 1.50080335 0.00000000E+00 -538.756958
 1025.05334 554828.500 820.152771 0.00000000E+00 0.00000000E+00 1.48709381 0.00000000E+00 -534.854126
 1019.85004 552009.438 805.040771 0.00000000E+00 0.00000000E+00 1.47337997 0.00000000E+00 -530.949646
 1014.64667 549306.000 789.962402 0.00000000E+00 0.00000000E+00 1.45956218 0.00000000E+00 -527.002747
 1009.44336 546602.625 774.893127 0.00000000E+00 0.00000000E+00 1.44574440 0.00000000E+00 -523.055908
 1004.24005 543899.375 759.841980 0.00000000E+00 0.00000000E+00 1.43118477 0.00000000E+00 -519.345947
 999.036743 541197.500 744.803223 0.00000000E+00 0.00000000E+00 1.40769029 0.00000000E+00 -518.489075
 993.833435 538495.688 729.782715 0.00000000E+00 0.00000000E+00 1.38419569 0.00000000E+00 -517.632202
 988.630127 535796.625 714.783386 0.00000000E+00 0.00000000E+00 1.35951364 0.00000000E+00 -516.837097
 983.426819 533119.500 699.793396 0.00000000E+00 0.00000000E+00 1.32552958 0.00000000E+00 -516.526245
 978.223511 530442.312 684.821594 0.00000000E+00 0.00000000E+00 1.29154551 0.00000000E+00 -516.215332
 973.020142 527762.875 669.883423 0.00000000E+00 0.00000000E+00 1.25756598 0.00000000E+00 -515.952820
 967.816833 525070.688 654.951172 0.00000000E+00 0.00000000E+00 1.22361100 0.00000000E+00 -515.952820
 962.613525 522378.531 640.052612 0.00000000E+00 0.00000000E+00 1.18965602 0.00000000E+00 -515.952820
 957.410217 519689.375 625.163086 0.00000000E+00 0.00000000E+00 1.15445161 0.00000000E+00 -516.059326
 952.206909 517012.281 610.301025 0.00000000E+00 0.00000000E+00 1.11418748 0.00000000E+00 -516.597168
 947.003601 514335.188 595.463379 0.00000000E+00 0.00000000E+00 1.07392323 0.00000000E+00 -517.135010
 941.800293 511650.469 580.653198 0.00000000E+00 0.00000000E+00 1.03359222 0.00000000E+00 -517.803528
 936.596924 508941.656 565.861328 0.00000000E+00 0.00000000E+00 0.993050694 0.00000000E+00 -518.884766
 931.393616 506232.875 551.102783 0.00000000E+00 0.00000000E+00 0.952509105 0.00000000E+00 -519.966064
 926.190308 503523.594 536.362671 0.00000000E+00 0.00000000E+00 0.912792146 0.00000000E+00 -520.337585
 920.987000 500813.188 521.662170 0.00000000E+00 0.00000000E+00 0.875148356 0.00000000E+00 -518.924683
 915.783691 498102.750 506.983002 0.00000000E+00 0.00000000E+00 0.837504566 0.00000000E+00 -517.511780
 910.580383 495407.281 492.343506 0.00000000E+00 0.00000000E+00 0.801178455 0.00000000E+00 -516.247437
 905.377075 492742.094 477.731415 0.00000000E+00 0.00000000E+00 0.767521679 0.00000000E+00 -515.284058
 900.173706 490076.906 463.161896 0.00000000E+00 0.00000000E+00 0.733864963 0.00000000E+00 -514.320740
 894.970398 487405.812 448.622986 0.00000000E+00 0.00000000E+00 0.700225472 0.00000000E+00 -513.924561
 889.767090 484724.938 434.120605 0.00000000E+00 0.00000000E+00 0.666614771 0.00000000E+00 -514.468079
 884.563782 482044.062 419.673004 0.00000000E+00 0.00000000E+00 0.633004010 0.00000000E+00 -515.011658
 879.360474 479362.750 405.262085 0.00000000E+00 0.00000000E+00 0.608111322 0.00000000E+00 -515.160156
 874.157166 476680.875 390.890808 0.00000000E+00 0.00000000E+00 0.595115900 0.00000000E+00 -514.769653
 868.953857 473999.000 376.583496 0.00000000E+00 0.00000000E+00 0.582120538 0.00000000E+00 -514.379150
 863.750488 471323.188 362.321899 0.00000000E+00 0.00000000E+00 0.570461571 0.00000000E+00 -513.511292
 858.547241 468654.250 348.121185 0.00000000E+00 0.00000000E+00 0.560306311 0.00000000E+00 -512.106323
 853.343872 465985.312 333.972412 0.00000000E+00 0.00000000E+00 0.550151050 0.00000000E+00 -510.701324
 848.140564 463332.062 319.902893 0.00000000E+00 0.00000000E+00 0.539998174 0.00000000E+00 -510.349609
 842.937256 460693.250 305.891205 0.00000000E+00 0.00000000E+00 0.529847562 0.00000000E+00 -510.968018
 837.733948 458054.469 291.961914 0.00000000E+00 0.00000000E+00 0.519696891 0.00000000E+00 -511.586426
 832.530640 455387.750 278.120789 0.00000000E+00 0.00000000E+00 0.509560823 0.00000000E+00 -513.282288
 827.327271 452700.000 264.362213 0.00000000E+00 0.00000000E+00 0.499435633 0.00000000E+00 -515.789001
 822.124023 450012.250 250.691895 0.00000000E+00 0.00000000E+00 0.489310473 0.00000000E+00 -518.295715
 816.920654 447307.000 237.131302 0.00000000E+00 0.00000000E+00 0.479200900 0.00000000E+00 -519.227234
 811.717346 444591.188 223.692703 0.00000000E+00 0.00000000E+00 0.469100714 0.00000000E+00 -519.212341
 806.514038 441875.375 210.373001 0.00000000E+00 0.00000000E+00 0.459000528 0.00000000E+00 -519.197510
 801.310730 439178.938 197.193405 0.00000000E+00 0.00000000E+00 0.447187066 0.00000000E+00 -518.274658
 796.107422 436491.719 184.151001 0.00000000E+00 0.00000000E+00 0.434554040 0.00000000E+00 -516.917480
 790.904053 433804.500 171.282303 0.00000000E+00 0.00000000E+00 0.421921045 0.00000000E+00 -515.560364
 785.700806 431126.750 158.602707 0.00000000E+00 0.00000000E+00 0.408770114 0.00000000E+00 -515.284363
 780.497437 428452.469 146.112106 0.00000000E+00 0.00000000E+00 0.395427555 0.00000000E+00 -515.408325
 775.294128 425778.219 133.852905 0.00000000E+00 0.00000000E+00 0.382084996 0.00000000E+00 -515.532227
 770.090820 423090.844 121.840797 0.00000000E+00 0.00000000E+00 0.368774325 0.00000000E+00 -514.046509
 764.887512 420399.875 110.102898 0.00000000E+00 0.00000000E+00 0.355472356 0.00000000E+00 -512.122070
 759.684204 417708.938 98.6729126 0.00000000E+00 0.00000000E+00 0.342170358 0.00000000E+00 -510.197632
 754.480835 415081.719 87.5933838 0.00000000E+00 0.00000000E+00 0.328904331 0.00000000E+00 -509.482239
 749.277588 412466.375 76.8919067 0.00000000E+00 0.00000000E+00 0.315645069 0.00000000E+00 -508.991211
 744.074219 409851.000 66.6323929 0.00000000E+00 0.00000000E+00 0.302385807 0.00000000E+00 -508.500183
 738.870972 407181.125 56.8513184 0.00000000E+00 0.00000000E+00 0.289175510 0.00000000E+00 -511.611389
 733.667603 404505.219 47.6127892 0.00000000E+00 0.00000000E+00 0.275970519 0.00000000E+00 -515.118042
 728.464294 401829.375 38.9808311 0.00000000E+00 0.00000000E+00 0.262765586 0.00000000E+00 -518.624695
 723.260986 399108.469 31.0225792 0.00000000E+00 0.00000000E+00 0.256445169 0.00000000E+00 -516.989990
 718.057617 396385.656 23.8018799 0.00000000E+00 0.00000000E+00 0.250421107 0.00000000E+00 -515.133850
 712.854370 393664.719 17.4132099 0.00000000E+00 0.00000000E+00 0.244474277 0.00000000E+00 -513.276794
 707.651001 391045.688 11.9024696 0.00000000E+00 0.00000000E+00 0.242714867 0.00000000E+00 -511.369537
 702.447754 388426.656 7.37310791 0.00000000E+00 0.00000000E+00 0.240955472 0.00000000E+00 -509.462311
 697.244385 385804.000 3.86181593 0.00000000E+00 0.00000000E+00 0.239196137 0.00000000E+00 -507.790558
 692.041077 383139.562 1.44171095 0.00000000E+00 0.00000000E+00 0.237437725 0.00000000E+00 -508.833588
 686.837769 380475.125 0.143249497 0.00000000E+00 0.00000000E+00 0.235679314 0.00000000E+00 -509.876617
 681.634460 377812.594 0.00000000E+00 0.00000000E+00 0.00000000E+00 0.233920604 0.00000000E+00 -510.716431
 676.431152 375161.688 0.00000000E+00 0.00000000E+00 0.00000000E+00 0.232160106 0.00000000E+00 -510.323761
 671.227783 372510.781 0.00000000E+00 0.00000000E+00 0.00000000E+00 0.230399624 0.00000000E+00 -509.931122
 666.024536 369859.562 0.00000000E+00 0.00000000E+00 0.00000000E+00 0.228640169 0.00000000E+00 -509.538452
 660.821167 367207.062 0.00000000E+00 0.00000000E+00 0.00000000E+00 0.226884648 0.00000000E+00 -509.145630
 655.617859 364554.562 0.00000000E+00 0.00000000E+00 0.00000000E+00 0.225129128 0.00000000E+00 -508.752838
 650.414551 361905.750 0.00000000E+00 0.00000000E+00 0.00000000E+00 0.223372146 0.00000000E+00 -508.197205
 645.211243 359266.844 0.00000000E+00 0.00000000E+00 0.00000000E+00 0.221611187 0.00000000E+00 -507.202057
 640.007935 356627.938 0.00000000E+00 0.00000000E+00 0.00000000E+00 0.219850212 0.00000000E+00 -506.206909
 634.804565 353994.688 0.00000000E+00 0.00000000E+00 0.00000000E+00 0.218087733 0.00000000E+00 -505.721832
 629.601318 351372.531 0.00000000E+00 0.00000000E+00 0.00000000E+00 0.216322243 0.00000000E+00 -506.238953
 624.397949 348750.375 0.00000000E+00 0.00000000E+00 0.00000000E+00 0.214556739 0.00000000E+00 -506.756104
 619.194641 346115.125 0.00000000E+00 0.00000000E+00 0.00000000E+00 0.212795407 0.00000000E+00 -507.505829
 613.991333 343460.562 0.00000000E+00 0.00000000E+00 0.00000000E+00 0.211040273 0.00000000E+00 -508.600708
 608.788025 340805.969 0.00000000E+00 0.00000000E+00 0.00000000E+00 0.209285140 0.00000000E+00 -509.695618
 603.584717 338150.844 0.00000000E+00 0.00000000E+00 0.00000000E+00 0.207526550 0.00000000E+00 -509.365326
 598.381348 335495.188 0.00000000E+00 0.00000000E+00 0.00000000E+00 0.205764085 0.00000000E+00 -507.428589
 593.178101 332839.531 0.00000000E+00 0.00000000E+00 0.00000000E+00 0.204001635 0.00000000E+00 -505.491882
 587.974731 330216.312 0.00000000E+00 0.00000000E+00 0.00000000E+00 0.202238917 0.00000000E+00 -503.562988
 582.771423 327620.844 0.00000000E+00 0.00000000E+00 0.00000000E+00 0.200475961 0.00000000E+00 -501.640808
 577.568115 325025.375 0.00000000E+00 0.00000000E+00 0.00000000E+00 0.198713019 0.00000000E+00 -499.718628
 572.364807 322428.969 0.00000000E+00 0.00000000E+00 0.00000000E+00 0.156901985 0.00000000E+00 -499.026123
 567.161499 319831.938 0.00000000E+00 0.00000000E+00 0.00000000E+00 8.92925635E-02 0.00000000E+00 -499.125763
 561.958130 317234.875 0.00000000E+00 0.00000000E+00 0.00000000E+00 2.16827411E-02 0.00000000E+00 -499.225433
 556.754883 314636.812 0.00000000E+00 0.00000000E+00 0.00000000E+00 0.00000000E+00 0.00000000E+00 -499.982147
 551.551514 312038.219 0.00000000E+00 0.00000000E+00 0.00000000E+00 0.00000000E+00 0.00000000E+00 -501.049103
 546.348206 309439.625 0.00000000E+00 0.00000000E+00 0.00000000E+00 0.00000000E+00 0.00000000E+00 -502.116058
 541.144897 306817.781 0.00000000E+00 0.00000000E+00 0.00000000E+00 0.00000000E+00 0.00000000E+00 -502.417999
 535.941589 304188.219 0.00000000E+00 0.00000000E+00 0.00000000E+00 0.00000000E+00 0.00000000E+00 -502.467834
 530.738281 301558.688 0.00000000E+00 0.00000000E+00 0.00000000E+00 0.00000000E+00 0.00000000E+00 -502.517700
 525.534912 298953.406 0.00000000E+00 0.00000000E+00 0.00000000E+00 0.00000000E+00 0.00000000E+00 -501.702698
 520.331665 296353.312 0.00000000E+00 0.00000000E+00 0.00000000E+00 0.00000000E+00 0.00000000E+00 -500.704987
 515.128296 293753.156 0.00000000E+00 0.00000000E+00 0.00000000E+00 0.00000000E+00 0.00000000E+00 -499.707245
 509.924988 291153.906 0.00000000E+00 0.00000000E+00 0.00000000E+00 0.00000000E+00 0.00000000E+00 -498.364227
 504.721680 288554.781 0.00000000E+00 0.00000000E+00 0.00000000E+00 0.00000000E+00 0.00000000E+00 -496.982910
 499.518372 285955.656 0.00000000E+00 0.00000000E+00 0.00000000E+00 0.00000000E+00 0.00000000E+00 -495.601562
 494.315063 283396.469 0.00000000E+00 0.00000000E+00 0.00000000E+00 0.00000000E+00 0.00000000E+00 -493.716827
 489.111755 280838.344 0.00000000E+00 0.00000000E+00 0.00000000E+00 0.00000000E+00 0.00000000E+00 -491.818451
 483.908447 278281.125 0.00000000E+00 0.00000000E+00 0.00000000E+00 0.00000000E+00 0.00000000E+00 -490.019501
 478.705078 275739.719 0.00000000E+00 0.00000000E+00 0.00000000E+00 0.00000000E+00 0.00000000E+00 -490.019501
 473.501770 273198.375 0.00000000E+00 0.00000000E+00 0.00000000E+00 0.00000000E+00 0.00000000E+00 -490.019501
 468.298462 270654.844 0.00000000E+00 0.00000000E+00 0.00000000E+00 0.00000000E+00 0.00000000E+00 -490.162292
 463.095154 268096.719 0.00000000E+00 0.00000000E+00 0.00000000E+00 0.00000000E+00 0.00000000E+00 -491.266327
 457.891846 265538.625 0.00000000E+00 0.00000000E+00 0.00000000E+00 0.00000000E+00 0.00000000E+00 -492.370331
 452.688538 262977.031 0.00000000E+00 0.00000000E+00 0.00000000E+00 0.00000000E+00 0.00000000E+00 -492.838104
 447.485229 260402.125 0.00000000E+00 0.00000000E+00 0.00000000E+00 0.00000000E+00 0.00000000E+00 -490.883606
 442.281921 257827.219 0.00000000E+00 0.00000000E+00 0.00000000E+00 0.00000000E+00 0.00000000E+00 -488.929108
 437.078552 255274.266 0.00000000E+00 0.00000000E+00 0.00000000E+00 0.00000000E+00 0.00000000E+00 -486.820282
 431.875244 252775.562 0.00000000E+00 0.00000000E+00 0.00000000E+00 0.00000000E+00 0.00000000E+00 -484.330963
 426.671936 250276.859 0.00000000E+00 0.00000000E+00 0.00000000E+00 0.00000000E+00 0.00000000E+00 -481.841644
 421.468628 247777.953 0.00000000E+00 0.00000000E+00 0.00000000E+00 0.00000000E+00 0.00000000E+00 -479.923981
 416.265320 245278.734 0.00000000E+00 0.00000000E+00 0.00000000E+00 0.00000000E+00 0.00000000E+00 -478.984039
 411.062012 242779.516 0.00000000E+00 0.00000000E+00 0.00000000E+00 0.00000000E+00 0.00000000E+00 -478.044067
 405.858704 240293.344 0.00000000E+00 0.00000000E+00 0.00000000E+00 0.00000000E+00 0.00000000E+00 -477.119598
 400.655334 237823.094 0.00000000E+00 0.00000000E+00 0.00000000E+00 0.00000000E+00 0.00000000E+00 -476.214081
 395.452026 235352.875 0.00000000E+00 0.00000000E+00 0.00000000E+00 0.00000000E+00 0.00000000E+00 -475.308594
 390.248718 232881.844 0.00000000E+00 0.00000000E+00 0.00000000E+00 0.00000000E+00 0.00000000E+00 -474.856232
 385.045410 230410.141 0.00000000E+00 0.00000000E+00 0.00000000E+00 0.00000000E+00 0.00000000E+00 -474.801147
 379.842102 227938.422 0.00000000E+00 0.00000000E+00 0.00000000E+00 0.00000000E+00 0.00000000E+00 -474.746094
 374.638794 225468.609 0.00000000E+00 0.00000000E+00 0.00000000E+00 0.00000000E+00 0.00000000E+00 -474.010651
 369.435486 222999.969 0.00000000E+00 0.00000000E+00 0.00000000E+00 0.00000000E+00 0.00000000E+00 -472.853668
 364.232117 220531.313 0.00000000E+00 0.00000000E+00 0.00000000E+00 0.00000000E+00 0.00000000E+00 -471.696655
 359.028809 218085.234 0.00000000E+00 0.00000000E+00 0.00000000E+00 0.00000000E+00 0.00000000E+00 -469.795898
 353.825500 215648.656 0.00000000E+00 0.00000000E+00 0.00000000E+00 0.00000000E+00 0.00000000E+00 -467.582031
 348.622192 213212.078 0.00000000E+00 0.00000000E+00 0.00000000E+00 0.00000000E+00 0.00000000E+00 -465.368164
 343.418884 210803.203 0.00000000E+00 0.00000000E+00 0.00000000E+00 0.00000000E+00 0.00000000E+00 -463.163239
 338.215576 208401.672 0.00000000E+00 0.00000000E+00 0.00000000E+00 0.00000000E+00 0.00000000E+00 -460.960724
 333.012268 206000.141 0.00000000E+00 0.00000000E+00 0.00000000E+00 0.00000000E+00 0.00000000E+00 -458.758179
 327.808960 203626.391 0.00000000E+00 0.00000000E+00 0.00000000E+00 0.00000000E+00 0.00000000E+00 -455.610260
 322.605591 201256.578 0.00000000E+00 0.00000000E+00 0.00000000E+00 0.00000000E+00 0.00000000E+00 -452.326813
 317.402283 198886.797 0.00000000E+00 0.00000000E+00 0.00000000E+00 0.00000000E+00 0.00000000E+00 -449.043396
 312.198975 196582.391 0.00000000E+00 0.00000000E+00 0.00000000E+00 0.00000000E+00 0.00000000E+00 -447.850555
 306.995667 194280.453 0.00000000E+00 0.00000000E+00 0.00000000E+00 0.00000000E+00 0.00000000E+00 -446.737274
 301.792358 191976.719 0.00000000E+00 0.00000000E+00 0.00000000E+00 0.00000000E+00 0.00000000E+00 -445.627502
 296.589050 189640.562 0.00000000E+00 0.00000000E+00 0.00000000E+00 0.00000000E+00 0.00000000E+00 -444.579834
 291.385742 187304.406 0.00000000E+00 0.00000000E+00 0.00000000E+00 0.00000000E+00 0.00000000E+00 -443.532166
 286.182373 184977.594 0.00000000E+00 0.00000000E+00 0.00000000E+00 0.00000000E+00 0.00000000E+00 -441.993835
 280.979065 182707.438 0.00000000E+00 0.00000000E+00 0.00000000E+00 0.00000000E+00 0.00000000E+00 -437.486877
 275.775757 180437.281 0.00000000E+00 0.00000000E+00 0.00000000E+00 0.00000000E+00 0.00000000E+00 -432.979919
 270.572449 178183.609 0.00000000E+00 0.00000000E+00 0.00000000E+00 0.00000000E+00 0.00000000E+00 -428.734894
 265.369141 175983.844 0.00000000E+00 0.00000000E+00 0.00000000E+00 0.00000000E+00 0.00000000E+00 -425.347137
 260.165833 173784.078 0.00000000E+00 0.00000000E+00 0.00000000E+00 0.00000000E+00 0.00000000E+00 -421.959412
 254.962524 171594.781 0.00000000E+00 0.00000000E+00 0.00000000E+00 0.00000000E+00 0.00000000E+00 -418.948242
 249.759216 169427.109 0.00000000E+00 0.00000000E+00 0.00000000E+00 0.00000000E+00 0.00000000E+00 -416.714874
 244.555847 167259.422 0.00000000E+00 0.00000000E+00 0.00000000E+00 0.00000000E+00 0.00000000E+00 -414.481506
 239.352539 165106.594 0.00000000E+00 0.00000000E+00 0.00000000E+00 0.00000000E+00 0.00000000E+00 -411.766418
 234.149231 162974.391 0.00000000E+00 0.00000000E+00 0.00000000E+00 0.00000000E+00 0.00000000E+00 -408.381653
 228.945923 160842.188 0.00000000E+00 0.00000000E+00 0.00000000E+00 0.00000000E+00 0.00000000E+00 -404.996887
 223.742615 158744.250 0.00000000E+00 0.00000000E+00 0.00000000E+00 0.00000000E+00 0.00000000E+00 -400.469177
 218.539307 156678.953 0.00000000E+00 0.00000000E+00 0.00000000E+00 0.00000000E+00 0.00000000E+00 -394.853577
 213.335999 154613.641 0.00000000E+00 0.00000000E+00 0.00000000E+00 0.00000000E+00 0.00000000E+00 -389.237976
 208.132629 152610.812 0.00000000E+00 0.00000000E+00 0.00000000E+00 0.00000000E+00 0.00000000E+00 -383.580322
 202.929321 150648.500 0.00000000E+00 0.00000000E+00 0.00000000E+00 0.00000000E+00 0.00000000E+00 -377.895538
 197.726013 148686.172 0.00000000E+00 0.00000000E+00 0.00000000E+00 0.00000000E+00 0.00000000E+00 -372.210754
 192.522705 146772.141 0.00000000E+00 0.00000000E+00 0.00000000E+00 0.00000000E+00 0.00000000E+00 -367.375153
 187.319397 144878.703 0.00000000E+00 0.00000000E+00 0.00000000E+00 0.00000000E+00 0.00000000E+00 -362.902100
 182.116089 142985.281 0.00000000E+00 0.00000000E+00 0.00000000E+00 0.00000000E+00 0.00000000E+00 -358.429016
 176.912781 141144.688 0.00000000E+00 0.00000000E+00 0.00000000E+00 0.00000000E+00 0.00000000E+00 -353.019775
 171.709412 139317.516 0.00000000E+00 0.00000000E+00 0.00000000E+00 0.00000000E+00 0.00000000E+00 -347.372162
 166.506104 137490.359 0.00000000E+00 0.00000000E+00 0.00000000E+00 0.00000000E+00 0.00000000E+00 -341.724609
 161.302795 135756.531 0.00000000E+00 0.00000000E+00 0.00000000E+00 0.00000000E+00 0.00000000E+00 -333.952240
 156.099487 134033.625 0.00000000E+00 0.00000000E+00 0.00000000E+00 0.00000000E+00 0.00000000E+00 -325.931000
 150.896179 132310.719 0.00000000E+00 0.00000000E+00 0.00000000E+00 0.00000000E+00 0.00000000E+00 -317.909760
 145.692871 130724.820 0.00000000E+00 0.00000000E+00 0.00000000E+00 0.00000000E+00 0.00000000E+00 -309.973450
 140.489563 129139.859 0.00000000E+00 0.00000000E+00 0.00000000E+00 0.00000000E+00 0.00000000E+00 -302.037689
 135.286255 127564.188 0.00000000E+00 0.00000000E+00 0.00000000E+00 0.00000000E+00 0.00000000E+00 -294.096008
 130.082886 126081.031 0.00000000E+00 0.00000000E+00 0.00000000E+00 0.00000000E+00 0.00000000E+00 -286.095032
 124.879578 124597.898 0.00000000E+00 0.00000000E+00 0.00000000E+00 0.00000000E+00 0.00000000E+00 -278.094147
 119.676270 123141.430 0.00000000E+00 0.00000000E+00 0.00000000E+00 0.00000000E+00 0.00000000E+00 -269.875031
 114.472961 121797.867 0.00000000E+00 0.00000000E+00 0.00000000E+00 0.00000000E+00 0.00000000E+00 -260.731781
 109.269653 120454.297 0.00000000E+00 0.00000000E+00 0.00000000E+00 0.00000000E+00 0.00000000E+00 -251.588547
 104.066345 119150.422 0.00000000E+00 0.00000000E+00 0.00000000E+00 0.00000000E+00 0.00000000E+00 -241.795517
 98.8630371 117943.344 0.00000000E+00 0.00000000E+00 0.00000000E+00 0.00000000E+00 0.00000000E+00 -230.418152
 93.6596680 116736.242 0.00000000E+00 0.00000000E+00 0.00000000E+00 0.00000000E+00 0.00000000E+00 -219.040649
 88.4563599 115609.977 0.00000000E+00 0.00000000E+00 0.00000000E+00 0.00000000E+00 0.00000000E+00 -207.652527
 83.2530518 114609.773 0.00000000E+00 0.00000000E+00 0.00000000E+00 0.00000000E+00 0.00000000E+00 -196.247620
 78.0497437 113609.570 0.00000000E+00 0.00000000E+00 0.00000000E+00 0.00000000E+00 0.00000000E+00 -184.842712
 72.8464355 112676.727 0.00000000E+00 0.00000000E+00 0.00000000E+00 0.00000000E+00 0.00000000E+00 -173.993744
 67.6431274 111813.711 0.00000000E+00 0.00000000E+00 0.00000000E+00 0.00000000E+00 0.00000000E+00 -163.721008
 62.4398193 110950.695 0.00000000E+00 0.00000000E+00 0.00000000E+00 0.00000000E+00 0.00000000E+00 -153.448257
 57.2364502 110190.305 0.00000000E+00 0.00000000E+00 0.00000000E+00 0.00000000E+00 0.00000000E+00 -140.408524
 52.0331421 109499.969 0.00000000E+00 0.00000000E+00 0.00000000E+00 0.00000000E+00 0.00000000E+00 -125.480499
 46.8298340 108809.633 0.00000000E+00 0.00000000E+00 0.00000000E+00 0.00000000E+00 0.00000000E+00 -110.552475
 41.6265259 108312.078 0.00000000E+00 0.00000000E+00 0.00000000E+00 0.00000000E+00 0.00000000E+00 -94.8716736
 36.4232178 107899.234 0.00000000E+00 0.00000000E+00 0.00000000E+00 0.00000000E+00 0.00000000E+00 -78.8601074
 31.2199097 107486.398 0.00000000E+00 0.00000000E+00 0.00000000E+00 0.00000000E+00 0.00000000E+00 -62.8485374
 26.0166016 107237.289 0.00000000E+00 0.00000000E+00 0.00000000E+00 0.00000000E+00 0.00000000E+00 -50.5077858
 20.8132935 107030.062 0.00000000E+00 0.00000000E+00 0.00000000E+00 0.00000000E+00 0.00000000E+00 -39.1060867
 15.6099243 106822.844 0.00000000E+00 0.00000000E+00 0.00000000E+00 0.00000000E+00 0.00000000E+00 -27.7042542
 10.4066162 106739.742 0.00000000E+00 0.00000000E+00 0.00000000E+00 0.00000000E+00 0.00000000E+00 -22.4297180
 5.20336914 106670.672 0.00000000E+00 0.00000000E+00 0.00000000E+00 0.00000000E+00 0.00000000E+00 -17.8478413
 0.00000000E+00 106601.602 0.00000000E+00 0.00000000E+00 0.00000000E+00 0.00000000E+00 0.00000000E+00 -13.2658596
