  3.0012229e+000
  3.2435576e+000
  3.5045335e+000
  3.7468683e+000
  4.0078442e+000
  4.2501790e+000
  4.4925137e+000
  4.7534896e+000
  4.9958244e+000
  5.2568003e+000
  5.4991351e+000
  5.7414698e+000
  6.0024457e+000
  6.2447805e+000
  6.5057564e+000
  6.7480911e+000
  7.0090670e+000
  7.2514018e+000
  7.4937366e+000
  7.7547125e+000
  7.9970472e+000
  8.2580231e+000
  8.5003579e+000
  8.7426927e+000
  9.0036686e+000
  9.2460033e+000
  9.5069792e+000
  9.7493140e+000
  9.9916488e+000
  1.0252625e+001
  1.0494959e+001
  1.0755935e+001
  1.0998270e+001
  1.1259246e+001
  1.1501581e+001
  1.1743916e+001
  1.2912014e-002
  8.8981985e-003
  1.3293264e-002
  7.5157669e-003
  8.2565538e-003
  1.2203879e-002
  8.9059168e-003
  1.2446471e-001
  1.6047430e-001
  2.0884886e-001
  2.2927488e-001
  2.5379863e-001
  2.7259183e-001
  2.7783981e-001
  2.7648741e-001
  2.9333328e-001
  3.1239387e-001
  3.1521055e-001
  3.2135560e-001
  2.9610203e-001
  2.5439634e-001
  2.8189371e-001
  1.6899657e-001
  3.0808572e-002
  1.5805900e-002
  1.5063178e-002
  1.5356660e-002
  1.5924824e-002
  1.5394531e-002
  1.5210550e-002
  1.1978744e-002
  1.0783460e-002
  1.2320145e-002
  1.3312001e-002
  1.2890332e-002
  9.1048541e-003
  1.0795462e-002
  1.2351785e-002
  1.0990569e-002
  3.4087451e-002
  6.0386489e-002
  7.3379835e-002
  6.3235873e-002
  9.2299794e-001
  9.7347148e-001
  9.3817344e-001
  9.0191301e-001
  8.2378748e-001
  8.0289313e-001
  7.3795266e-001
  7.7222387e-001
  8.0403054e-001
  8.1630380e-001
  9.1409570e-001
  9.8065795e-001
  1.0623750e+000
  1.0709430e+000
  1.0914568e+000
  1.0459946e+000
  6.1184020e-001
  5.2191080e-001
  4.2096483e-001
  5.4524983e-001
  1.4409768e-001
  1.2389886e-001
  1.3833693e-001
  1.0654515e-001
  9.4914995e-002
  1.0717486e-001
  1.0384560e-001
  1.0827767e-001
  9.5780920e-002
  0.0000000e+000
  0.0000000e+000
  0.0000000e+000
  0.0000000e+000
  3.9142819e-001
  5.0201498e-002
  6.4466305e-001
 -8.3785670e-001
 -1.0344108e+000
 -1.2475486e+000
 -1.2941045e+000
 -1.2108529e+000
 -1.1744789e+000
 -8.5352325e-001
 -1.1744789e+000
 -3.5867157e-001
 -1.9200639e-001
 -2.5329067e-002
  6.1174202e-002
  4.7864836e-002
 -1.6399761e-001
 -2.8378602e-001
 -1.6981190e+000
 -2.2363880e+000
  0.0000000e+000
  0.0000000e+000
  0.0000000e+000
  0.0000000e+000
  0.0000000e+000
  0.0000000e+000
  0.0000000e+000
  0.0000000e+000
  0.0000000e+000
  0.0000000e+000
  0.0000000e+000
  0.0000000e+000
