  0.080  0.000  0.350  2.000  2.590  0.424
  0.010  1.101
  0.090  1.108
  0.110  1.110
  0.140  1.113
  0.170  1.116
  0.190  1.118
  0.210  1.121
  0.230  1.123
  0.260  1.127
  0.280  1.129
  0.300  1.132
  0.320  1.135
  0.340  1.138
  0.360  1.140
  0.380  1.143
  0.400  1.147
  0.440  1.153
  0.460  1.156
  0.480  1.160
  0.500  1.163
  0.520  1.167
  0.530  1.168
  0.550  1.172
  0.560  1.174
  0.570  1.176
  0.580  1.178
  0.590  1.179
  0.600  1.181
  0.620  1.185
  0.630  1.187
  0.640  1.189
  0.660  1.193
  0.670  1.195
  0.680  1.198
  0.690  1.200
  0.700  1.202
  0.710  1.204
  0.720  1.206
  0.730  1.208
  0.740  1.210
  0.750  1.213
  0.790  1.222
  0.800  1.224
  0.810  1.226
  0.820  1.229
  0.830  1.231
  0.840  1.233
  0.870  1.241
  0.880  1.243
  0.890  1.246
  0.900  1.248
  0.910  1.251
  0.970  1.266
  0.990  1.272
  1.000  1.274
  1.010  1.277
  1.040  1.285
  1.090  1.300
  1.110  1.305
  1.120  1.308
  1.130  1.311
  0.100  0.054  0.379  2.000  2.590  0.424
  0.010  1.101
  0.090  1.108
  0.110  1.110
  0.140  1.113
  0.170  1.116
  0.190  1.118
  0.210  1.121
  0.230  1.123
  0.260  1.127
  0.280  1.129
  0.300  1.132
  0.320  1.135
  0.340  1.138
  0.360  1.140
  0.380  1.143
  0.400  1.147
  0.440  1.153
  0.460  1.156
  0.480  1.160
  0.500  1.163
  0.520  1.167
  0.530  1.168
  0.550  1.172
  0.560  1.174
  0.570  1.176
  0.580  1.178
  0.590  1.179
  0.600  1.181
  0.620  1.185
  0.630  1.187
  0.640  1.189
  0.660  1.193
  0.670  1.195
  0.680  1.198
  0.690  1.200
  0.700  1.202
  0.710  1.204
  0.720  1.206
  0.730  1.208
  0.740  1.210
  0.750  1.213
  0.790  1.222
  0.800  1.224
  0.810  1.226
  0.820  1.229
  0.830  1.231
  0.840  1.233
  0.870  1.241
  0.880  1.243
  0.890  1.246
  0.900  1.248
  0.910  1.251
  0.970  1.266
  0.990  1.272
  1.000  1.274
  1.010  1.277
  1.040  1.285
  1.090  1.300
  1.110  1.305
  1.120  1.308
  1.130  1.311
  0.111  0.077  0.361  2.000  2.590  0.424
  0.010  1.101
  0.090  1.108
  0.110  1.110
  0.140  1.113
  0.170  1.116
  0.190  1.118
  0.210  1.121
  0.230  1.123
  0.260  1.127
  0.280  1.129
  0.300  1.132
  0.320  1.135
  0.340  1.138
  0.360  1.140
  0.380  1.143
  0.400  1.147
  0.440  1.153
  0.460  1.156
  0.480  1.160
  0.500  1.163
  0.520  1.167
  0.530  1.168
  0.550  1.172
  0.560  1.174
  0.570  1.176
  0.580  1.178
  0.590  1.179
  0.600  1.181
  0.620  1.185
  0.630  1.187
  0.640  1.189
  0.660  1.193
  0.670  1.195
  0.680  1.198
  0.690  1.200
  0.700  1.202
  0.710  1.204
  0.720  1.206
  0.730  1.208
  0.740  1.210
  0.750  1.213
  0.790  1.222
  0.800  1.224
  0.810  1.226
  0.820  1.229
  0.830  1.231
  0.840  1.233
  0.870  1.241
  0.880  1.243
  0.890  1.246
  0.900  1.248
  0.910  1.251
  0.970  1.266
  0.990  1.272
  1.000  1.274
  1.010  1.277
  1.040  1.285
  1.090  1.300
  1.110  1.305
  1.120  1.308
  1.130  1.311
  0.111  0.077  0.361  2.000  2.590  0.424
  0.010  1.101
  0.090  1.108
  0.110  1.110
  0.140  1.113
  0.170  1.116
  0.190  1.118
  0.210  1.121
  0.230  1.123
  0.260  1.127
  0.280  1.129
  0.300  1.132
  0.320  1.135
  0.340  1.138
  0.360  1.140
  0.380  1.143
  0.400  1.147
  0.440  1.153
  0.460  1.156
  0.480  1.160
  0.500  1.163
  0.520  1.167
  0.530  1.168
  0.550  1.172
  0.560  1.174
  0.570  1.176
  0.580  1.178
  0.590  1.179
  0.600  1.181
  0.620  1.185
  0.630  1.187
  0.640  1.189
  0.660  1.193
  0.670  1.195
  0.680  1.198
  0.690  1.200
  0.700  1.202
  0.710  1.204
  0.720  1.206
  0.730  1.208
  0.740  1.210
  0.750  1.213
  0.790  1.222
  0.800  1.224
  0.810  1.226
  0.820  1.229
  0.830  1.231
  0.840  1.233
  0.870  1.241
  0.880  1.243
  0.890  1.246
  0.900  1.248
  0.910  1.251
  0.970  1.266
  0.990  1.272
  1.000  1.274
  1.010  1.277
  1.040  1.285
  1.090  1.300
  1.110  1.305
  1.120  1.308
  1.130  1.311
  0.111  0.078  0.361  2.000  2.590  0.424
  0.010  1.101
  0.090  1.108
  0.110  1.110
  0.140  1.113
  0.170  1.116
  0.190  1.118
  0.210  1.121
  0.230  1.123
  0.260  1.127
  0.280  1.129
  0.300  1.132
  0.320  1.135
  0.340  1.138
  0.360  1.140
  0.380  1.143
  0.400  1.147
  0.440  1.153
  0.460  1.156
  0.480  1.160
  0.500  1.163
  0.520  1.167
  0.530  1.168
  0.550  1.172
  0.560  1.174
  0.570  1.176
  0.580  1.178
  0.590  1.179
  0.600  1.181
  0.620  1.185
  0.630  1.187
  0.640  1.189
  0.660  1.193
  0.670  1.195
  0.680  1.198
  0.690  1.200
  0.700  1.202
  0.710  1.204
  0.720  1.206
  0.730  1.208
  0.740  1.210
  0.750  1.213
  0.790  1.222
  0.800  1.224
  0.810  1.226
  0.820  1.229
  0.830  1.231
  0.840  1.233
  0.870  1.241
  0.880  1.243
  0.890  1.246
  0.900  1.248
  0.910  1.251
  0.970  1.266
  0.990  1.272
  1.000  1.274
  1.010  1.277
  1.040  1.285
  1.090  1.300
  1.110  1.305
  1.120  1.308
  1.130  1.311
  0.117  0.091  0.352  2.000  2.590  0.424
  0.010  1.101
  0.090  1.108
  0.110  1.110
  0.140  1.113
  0.170  1.116
  0.190  1.118
  0.210  1.121
  0.230  1.123
  0.260  1.127
  0.280  1.129
  0.300  1.132
  0.320  1.135
  0.340  1.138
  0.360  1.140
  0.380  1.143
  0.400  1.147
  0.440  1.153
  0.460  1.156
  0.480  1.160
  0.500  1.163
  0.520  1.167
  0.530  1.168
  0.550  1.172
  0.560  1.174
  0.570  1.176
  0.580  1.178
  0.590  1.179
  0.600  1.181
  0.620  1.185
  0.630  1.187
  0.640  1.189
  0.660  1.193
  0.670  1.195
  0.680  1.198
  0.690  1.200
  0.700  1.202
  0.710  1.204
  0.720  1.206
  0.730  1.208
  0.740  1.210
  0.750  1.213
  0.790  1.222
  0.800  1.224
  0.810  1.226
  0.820  1.229
  0.830  1.231
  0.840  1.233
  0.870  1.241
  0.880  1.243
  0.890  1.246
  0.900  1.248
  0.910  1.251
  0.970  1.266
  0.990  1.272
  1.000  1.274
  1.010  1.277
  1.040  1.285
  1.090  1.300
  1.110  1.305
  1.120  1.308
  1.130  1.311
  0.125  0.107  0.340  2.000  2.590  0.424
  0.010  1.101
  0.090  1.108
  0.110  1.110
  0.140  1.113
  0.170  1.116
  0.190  1.118
  0.210  1.121
  0.230  1.123
  0.260  1.127
  0.280  1.129
  0.300  1.132
  0.320  1.135
  0.340  1.138
  0.360  1.140
  0.380  1.143
  0.400  1.147
  0.440  1.153
  0.460  1.156
  0.480  1.160
  0.500  1.163
  0.520  1.167
  0.530  1.168
  0.550  1.172
  0.560  1.174
  0.570  1.176
  0.580  1.178
  0.590  1.179
  0.600  1.181
  0.620  1.185
  0.630  1.187
  0.640  1.189
  0.660  1.193
  0.670  1.195
  0.680  1.198
  0.690  1.200
  0.700  1.202
  0.710  1.204
  0.720  1.206
  0.730  1.208
  0.740  1.210
  0.750  1.213
  0.790  1.222
  0.800  1.224
  0.810  1.226
  0.820  1.229
  0.830  1.231
  0.840  1.233
  0.870  1.241
  0.880  1.243
  0.890  1.246
  0.900  1.248
  0.910  1.251
  0.970  1.266
  0.990  1.272
  1.000  1.274
  1.010  1.277
  1.040  1.285
  1.090  1.300
  1.110  1.305
  1.120  1.308
  1.130  1.311
  0.125  0.107  0.340  2.000  2.590  0.424
  0.010  1.101
  0.090  1.108
  0.110  1.110
  0.140  1.113
  0.170  1.116
  0.190  1.118
  0.210  1.121
  0.230  1.123
  0.260  1.127
  0.280  1.129
  0.300  1.132
  0.320  1.135
  0.340  1.138
  0.360  1.140
  0.380  1.143
  0.400  1.147
  0.440  1.153
  0.460  1.156
  0.480  1.160
  0.500  1.163
  0.520  1.167
  0.530  1.168
  0.550  1.172
  0.560  1.174
  0.570  1.176
  0.580  1.178
  0.590  1.179
  0.600  1.181
  0.620  1.185
  0.630  1.187
  0.640  1.189
  0.660  1.193
  0.670  1.195
  0.680  1.198
  0.690  1.200
  0.700  1.202
  0.710  1.204
  0.720  1.206
  0.730  1.208
  0.740  1.210
  0.750  1.213
  0.790  1.222
  0.800  1.224
  0.810  1.226
  0.820  1.229
  0.830  1.231
  0.840  1.233
  0.870  1.241
  0.880  1.243
  0.890  1.246
  0.900  1.248
  0.910  1.251
  0.970  1.266
  0.990  1.272
  1.000  1.274
  1.010  1.277
  1.040  1.285
  1.090  1.300
  1.110  1.305
  1.120  1.308
  1.130  1.311
  0.125  0.107  0.340  2.000  2.590  0.424
  0.010  1.101
  0.090  1.108
  0.110  1.110
  0.140  1.113
  0.170  1.116
  0.190  1.118
  0.210  1.121
  0.230  1.123
  0.260  1.127
  0.280  1.129
  0.300  1.132
  0.320  1.135
  0.340  1.138
  0.360  1.140
  0.380  1.143
  0.400  1.147
  0.440  1.153
  0.460  1.156
  0.480  1.160
  0.500  1.163
  0.520  1.167
  0.530  1.168
  0.550  1.172
  0.560  1.174
  0.570  1.176
  0.580  1.178
  0.590  1.179
  0.600  1.181
  0.620  1.185
  0.630  1.187
  0.640  1.189
  0.660  1.193
  0.670  1.195
  0.680  1.198
  0.690  1.200
  0.700  1.202
  0.710  1.204
  0.720  1.206
  0.730  1.208
  0.740  1.210
  0.750  1.213
  0.790  1.222
  0.800  1.224
  0.810  1.226
  0.820  1.229
  0.830  1.231
  0.840  1.233
  0.870  1.241
  0.880  1.243
  0.890  1.246
  0.900  1.248
  0.910  1.251
  0.970  1.266
  0.990  1.272
  1.000  1.274
  1.010  1.277
  1.040  1.285
  1.090  1.300
  1.110  1.305
  1.120  1.308
  1.130  1.311
  0.125  0.108  0.339  2.000  2.590  0.424
  0.010  1.101
  0.090  1.108
  0.110  1.110
  0.140  1.113
  0.170  1.116
  0.190  1.118
  0.210  1.121
  0.230  1.123
  0.260  1.127
  0.280  1.129
  0.300  1.132
  0.320  1.135
  0.340  1.138
  0.360  1.140
  0.380  1.143
  0.400  1.147
  0.440  1.153
  0.460  1.156
  0.480  1.160
  0.500  1.163
  0.520  1.167
  0.530  1.168
  0.550  1.172
  0.560  1.174
  0.570  1.176
  0.580  1.178
  0.590  1.179
  0.600  1.181
  0.620  1.185
  0.630  1.187
  0.640  1.189
  0.660  1.193
  0.670  1.195
  0.680  1.198
  0.690  1.200
  0.700  1.202
  0.710  1.204
  0.720  1.206
  0.730  1.208
  0.740  1.210
  0.750  1.213
  0.790  1.222
  0.800  1.224
  0.810  1.226
  0.820  1.229
  0.830  1.231
  0.840  1.233
  0.870  1.241
  0.880  1.243
  0.890  1.246
  0.900  1.248
  0.910  1.251
  0.970  1.266
  0.990  1.272
  1.000  1.274
  1.010  1.277
  1.040  1.285
  1.090  1.300
  1.110  1.305
  1.120  1.308
  1.130  1.311
  0.130  0.125  0.336  2.000  2.590  0.424
  0.010  1.101
  0.090  1.108
  0.110  1.110
  0.140  1.113
  0.170  1.116
  0.190  1.118
  0.210  1.121
  0.230  1.123
  0.260  1.127
  0.280  1.129
  0.300  1.132
  0.320  1.135
  0.340  1.138
  0.360  1.140
  0.380  1.143
  0.400  1.147
  0.440  1.153
  0.460  1.156
  0.480  1.160
  0.500  1.163
  0.520  1.167
  0.530  1.168
  0.550  1.172
  0.560  1.174
  0.570  1.176
  0.580  1.178
  0.590  1.179
  0.600  1.181
  0.620  1.185
  0.630  1.187
  0.640  1.189
  0.660  1.193
  0.670  1.195
  0.680  1.198
  0.690  1.200
  0.700  1.202
  0.710  1.204
  0.720  1.206
  0.730  1.208
  0.740  1.210
  0.750  1.213
  0.790  1.222
  0.800  1.224
  0.810  1.226
  0.820  1.229
  0.830  1.231
  0.840  1.233
  0.870  1.241
  0.880  1.243
  0.890  1.246
  0.900  1.248
  0.910  1.251
  0.970  1.266
  0.990  1.272
  1.000  1.274
  1.010  1.277
  1.040  1.285
  1.090  1.300
  1.110  1.305
  1.120  1.308
  1.130  1.311
  0.130  0.126  0.336  2.000  2.590  0.424
  0.010  1.101
  0.090  1.108
  0.110  1.110
  0.140  1.113
  0.170  1.116
  0.190  1.118
  0.210  1.121
  0.230  1.123
  0.260  1.127
  0.280  1.129
  0.300  1.132
  0.320  1.135
  0.340  1.138
  0.360  1.140
  0.380  1.143
  0.400  1.147
  0.440  1.153
  0.460  1.156
  0.480  1.160
  0.500  1.163
  0.520  1.167
  0.530  1.168
  0.550  1.172
  0.560  1.174
  0.570  1.176
  0.580  1.178
  0.590  1.179
  0.600  1.181
  0.620  1.185
  0.630  1.187
  0.640  1.189
  0.660  1.193
  0.670  1.195
  0.680  1.198
  0.690  1.200
  0.700  1.202
  0.710  1.204
  0.720  1.206
  0.730  1.208
  0.740  1.210
  0.750  1.213
  0.790  1.222
  0.800  1.224
  0.810  1.226
  0.820  1.229
  0.830  1.231
  0.840  1.233
  0.870  1.241
  0.880  1.243
  0.890  1.246
  0.900  1.248
  0.910  1.251
  0.970  1.266
  0.990  1.272
  1.000  1.274
  1.010  1.277
  1.040  1.285
  1.090  1.300
  1.110  1.305
  1.120  1.308
  1.130  1.311
  0.133  0.138  0.333  2.000  2.590  0.424
  0.010  1.101
  0.090  1.108
  0.110  1.110
  0.140  1.113
  0.170  1.116
  0.190  1.118
  0.210  1.121
  0.230  1.123
  0.260  1.127
  0.280  1.129
  0.300  1.132
  0.320  1.135
  0.340  1.138
  0.360  1.140
  0.380  1.143
  0.400  1.147
  0.440  1.153
  0.460  1.156
  0.480  1.160
  0.500  1.163
  0.520  1.167
  0.530  1.168
  0.550  1.172
  0.560  1.174
  0.570  1.176
  0.580  1.178
  0.590  1.179
  0.600  1.181
  0.620  1.185
  0.630  1.187
  0.640  1.189
  0.660  1.193
  0.670  1.195
  0.680  1.198
  0.690  1.200
  0.700  1.202
  0.710  1.204
  0.720  1.206
  0.730  1.208
  0.740  1.210
  0.750  1.213
  0.790  1.222
  0.800  1.224
  0.810  1.226
  0.820  1.229
  0.830  1.231
  0.840  1.233
  0.870  1.241
  0.880  1.243
  0.890  1.246
  0.900  1.248
  0.910  1.251
  0.970  1.266
  0.990  1.272
  1.000  1.274
  1.010  1.277
  1.040  1.285
  1.090  1.300
  1.110  1.305
  1.120  1.308
  1.130  1.311
  0.133  0.139  0.333  2.000  2.590  0.424
  0.010  1.101
  0.090  1.108
  0.110  1.110
  0.140  1.113
  0.170  1.116
  0.190  1.118
  0.210  1.121
  0.230  1.123
  0.260  1.127
  0.280  1.129
  0.300  1.132
  0.320  1.135
  0.340  1.138
  0.360  1.140
  0.380  1.143
  0.400  1.147
  0.440  1.153
  0.460  1.156
  0.480  1.160
  0.500  1.163
  0.520  1.167
  0.530  1.168
  0.550  1.172
  0.560  1.174
  0.570  1.176
  0.580  1.178
  0.590  1.179
  0.600  1.181
  0.620  1.185
  0.630  1.187
  0.640  1.189
  0.660  1.193
  0.670  1.195
  0.680  1.198
  0.690  1.200
  0.700  1.202
  0.710  1.204
  0.720  1.206
  0.730  1.208
  0.740  1.210
  0.750  1.213
  0.790  1.222
  0.800  1.224
  0.810  1.226
  0.820  1.229
  0.830  1.231
  0.840  1.233
  0.870  1.241
  0.880  1.243
  0.890  1.246
  0.900  1.248
  0.910  1.251
  0.970  1.266
  0.990  1.272
  1.000  1.274
  1.010  1.277
  1.040  1.285
  1.090  1.300
  1.110  1.305
  1.120  1.308
  1.130  1.311
  0.138  0.156  0.329  2.000  2.590  0.424
  0.010  1.101
  0.090  1.108
  0.110  1.110
  0.140  1.113
  0.170  1.116
  0.190  1.118
  0.210  1.121
  0.230  1.123
  0.260  1.127
  0.280  1.129
  0.300  1.132
  0.320  1.135
  0.340  1.138
  0.360  1.140
  0.380  1.143
  0.400  1.147
  0.440  1.153
  0.460  1.156
  0.480  1.160
  0.500  1.163
  0.520  1.167
  0.530  1.168
  0.550  1.172
  0.560  1.174
  0.570  1.176
  0.580  1.178
  0.590  1.179
  0.600  1.181
  0.620  1.185
  0.630  1.187
  0.640  1.189
  0.660  1.193
  0.670  1.195
  0.680  1.198
  0.690  1.200
  0.700  1.202
  0.710  1.204
  0.720  1.206
  0.730  1.208
  0.740  1.210
  0.750  1.213
  0.790  1.222
  0.800  1.224
  0.810  1.226
  0.820  1.229
  0.830  1.231
  0.840  1.233
  0.870  1.241
  0.880  1.243
  0.890  1.246
  0.900  1.248
  0.910  1.251
  0.970  1.266
  0.990  1.272
  1.000  1.274
  1.010  1.277
  1.040  1.285
  1.090  1.300
  1.110  1.305
  1.120  1.308
  1.130  1.311
  0.138  0.157  0.329  2.000  2.590  0.424
  0.010  1.101
  0.090  1.108
  0.110  1.110
  0.140  1.113
  0.170  1.116
  0.190  1.118
  0.210  1.121
  0.230  1.123
  0.260  1.127
  0.280  1.129
  0.300  1.132
  0.320  1.135
  0.340  1.138
  0.360  1.140
  0.380  1.143
  0.400  1.147
  0.440  1.153
  0.460  1.156
  0.480  1.160
  0.500  1.163
  0.520  1.167
  0.530  1.168
  0.550  1.172
  0.560  1.174
  0.570  1.176
  0.580  1.178
  0.590  1.179
  0.600  1.181
  0.620  1.185
  0.630  1.187
  0.640  1.189
  0.660  1.193
  0.670  1.195
  0.680  1.198
  0.690  1.200
  0.700  1.202
  0.710  1.204
  0.720  1.206
  0.730  1.208
  0.740  1.210
  0.750  1.213
  0.790  1.222
  0.800  1.224
  0.810  1.226
  0.820  1.229
  0.830  1.231
  0.840  1.233
  0.870  1.241
  0.880  1.243
  0.890  1.246
  0.900  1.248
  0.910  1.251
  0.970  1.266
  0.990  1.272
  1.000  1.274
  1.010  1.277
  1.040  1.285
  1.090  1.300
  1.110  1.305
  1.120  1.308
  1.130  1.311
  0.142  0.172  0.324  2.000  2.590  0.424
  0.010  1.101
  0.090  1.108
  0.110  1.110
  0.140  1.113
  0.170  1.116
  0.190  1.118
  0.210  1.121
  0.230  1.123
  0.260  1.127
  0.280  1.129
  0.300  1.132
  0.320  1.135
  0.340  1.138
  0.360  1.140
  0.380  1.143
  0.400  1.147
  0.440  1.153
  0.460  1.156
  0.480  1.160
  0.500  1.163
  0.520  1.167
  0.530  1.168
  0.550  1.172
  0.560  1.174
  0.570  1.176
  0.580  1.178
  0.590  1.179
  0.600  1.181
  0.620  1.185
  0.630  1.187
  0.640  1.189
  0.660  1.193
  0.670  1.195
  0.680  1.198
  0.690  1.200
  0.700  1.202
  0.710  1.204
  0.720  1.206
  0.730  1.208
  0.740  1.210
  0.750  1.213
  0.790  1.222
  0.800  1.224
  0.810  1.226
  0.820  1.229
  0.830  1.231
  0.840  1.233
  0.870  1.241
  0.880  1.243
  0.890  1.246
  0.900  1.248
  0.910  1.251
  0.970  1.266
  0.990  1.272
  1.000  1.274
  1.010  1.277
  1.040  1.285
  1.090  1.300
  1.110  1.305
  1.120  1.308
  1.130  1.311
  0.142  0.174  0.324  2.000  2.590  0.424
  0.010  1.102
  0.090  1.118
  0.110  1.122
  0.140  1.129
  0.170  1.137
  0.190  1.142
  0.210  1.147
  0.230  1.153
  0.260  1.161
  0.280  1.167
  0.300  1.173
  0.320  1.180
  0.340  1.186
  0.360  1.193
  0.380  1.200
  0.400  1.207
  0.440  1.221
  0.460  1.229
  0.480  1.237
  0.500  1.244
  0.520  1.253
  0.530  1.257
  0.550  1.265
  0.560  1.269
  0.570  1.273
  0.580  1.278
  0.590  1.282
  0.600  1.287
  0.620  1.296
  0.630  1.300
  0.640  1.305
  0.660  1.314
  0.670  1.319
  0.680  1.324
  0.690  1.328
  0.700  1.333
  0.710  1.338
  0.720  1.343
  0.730  1.348
  0.740  1.353
  0.750  1.358
  0.790  1.379
  0.800  1.384
  0.810  1.390
  0.820  1.395
  0.830  1.401
  0.840  1.406
  0.870  1.423
  0.880  1.428
  0.890  1.434
  0.900  1.440
  0.910  1.446
  0.970  1.481
  0.990  1.494
  1.000  1.500
  1.010  1.506
  1.040  1.525
  1.090  1.558
  1.110  1.571
  1.120  1.578
  1.130  1.584
  0.143  0.175  0.324  2.000  2.590  0.424
  0.010  1.102
  0.090  1.118
  0.110  1.122
  0.140  1.130
  0.170  1.137
  0.190  1.142
  0.210  1.148
  0.230  1.153
  0.260  1.162
  0.280  1.168
  0.300  1.174
  0.320  1.180
  0.340  1.187
  0.360  1.194
  0.380  1.201
  0.400  1.208
  0.440  1.222
  0.460  1.230
  0.480  1.238
  0.500  1.246
  0.520  1.254
  0.530  1.258
  0.550  1.266
  0.560  1.271
  0.570  1.275
  0.580  1.279
  0.590  1.284
  0.600  1.288
  0.620  1.297
  0.630  1.302
  0.640  1.307
  0.660  1.316
  0.670  1.321
  0.680  1.326
  0.690  1.330
  0.700  1.335
  0.710  1.340
  0.720  1.345
  0.730  1.350
  0.740  1.355
  0.750  1.361
  0.790  1.382
  0.800  1.387
  0.810  1.392
  0.820  1.398
  0.830  1.403
  0.840  1.409
  0.870  1.426
  0.880  1.431
  0.890  1.437
  0.900  1.443
  0.910  1.449
  0.970  1.485
  0.990  1.497
  1.000  1.504
  1.010  1.510
  1.040  1.529
  1.090  1.562
  1.110  1.575
  1.120  1.582
  1.130  1.589
  0.143  0.177  0.323  2.000  2.590  0.424
  0.010  1.102
  0.090  1.118
  0.110  1.123
  0.140  1.130
  0.170  1.138
  0.190  1.143
  0.210  1.148
  0.230  1.154
  0.260  1.163
  0.280  1.169
  0.300  1.175
  0.320  1.182
  0.340  1.188
  0.360  1.195
  0.380  1.202
  0.400  1.210
  0.440  1.225
  0.460  1.232
  0.480  1.240
  0.500  1.248
  0.520  1.257
  0.530  1.261
  0.550  1.269
  0.560  1.274
  0.570  1.278
  0.580  1.283
  0.590  1.287
  0.600  1.292
  0.620  1.301
  0.630  1.306
  0.640  1.310
  0.660  1.320
  0.670  1.325
  0.680  1.330
  0.690  1.335
  0.700  1.340
  0.710  1.345
  0.720  1.350
  0.730  1.355
  0.740  1.360
  0.750  1.365
  0.790  1.387
  0.800  1.392
  0.810  1.398
  0.820  1.403
  0.830  1.409
  0.840  1.414
  0.870  1.432
  0.880  1.437
  0.890  1.443
  0.900  1.449
  0.910  1.455
  0.970  1.492
  0.990  1.504
  1.000  1.511
  1.010  1.517
  1.040  1.537
  1.090  1.570
  1.110  1.584
  1.120  1.591
  1.130  1.598
  0.153  0.217  0.322  2.000  2.590  0.424
  0.010  1.103
  0.090  1.127
  0.110  1.133
  0.140  1.144
  0.170  1.155
  0.190  1.163
  0.210  1.171
  0.230  1.179
  0.260  1.192
  0.280  1.201
  0.300  1.210
  0.320  1.219
  0.340  1.229
  0.360  1.239
  0.380  1.249
  0.400  1.260
  0.440  1.282
  0.460  1.293
  0.480  1.305
  0.500  1.317
  0.520  1.329
  0.530  1.335
  0.550  1.347
  0.560  1.354
  0.570  1.360
  0.580  1.367
  0.590  1.373
  0.600  1.380
  0.620  1.393
  0.630  1.400
  0.640  1.407
  0.660  1.421
  0.670  1.428
  0.680  1.435
  0.690  1.442
  0.700  1.450
  0.710  1.457
  0.720  1.465
  0.730  1.472
  0.740  1.480
  0.750  1.487
  0.790  1.518
  0.800  1.526
  0.810  1.534
  0.820  1.542
  0.830  1.551
  0.840  1.559
  0.870  1.584
  0.880  1.592
  0.890  1.601
  0.900  1.610
  0.910  1.618
  0.970  1.672
  0.990  1.690
  1.000  1.699
  1.010  1.709
  1.040  1.737
  1.090  1.786
  1.110  1.806
  1.120  1.816
  1.130  1.826
  0.154  0.218  0.323  2.000  2.590  0.424
  0.010  1.103
  0.090  1.127
  0.110  1.134
  0.140  1.144
  0.170  1.155
  0.190  1.163
  0.210  1.171
  0.230  1.179
  0.260  1.192
  0.280  1.201
  0.300  1.211
  0.320  1.220
  0.340  1.230
  0.360  1.240
  0.380  1.250
  0.400  1.261
  0.440  1.283
  0.460  1.294
  0.480  1.306
  0.500  1.318
  0.520  1.330
  0.530  1.336
  0.550  1.349
  0.560  1.355
  0.570  1.362
  0.580  1.368
  0.590  1.375
  0.600  1.381
  0.620  1.395
  0.630  1.402
  0.640  1.409
  0.660  1.423
  0.670  1.430
  0.680  1.437
  0.690  1.445
  0.700  1.452
  0.710  1.459
  0.720  1.467
  0.730  1.474
  0.740  1.482
  0.750  1.490
  0.790  1.521
  0.800  1.529
  0.810  1.537
  0.820  1.545
  0.830  1.553
  0.840  1.562
  0.870  1.587
  0.880  1.595
  0.890  1.604
  0.900  1.613
  0.910  1.621
  0.970  1.675
  0.990  1.694
  1.000  1.703
  1.010  1.713
  1.040  1.741
  1.090  1.790
  1.110  1.810
  1.120  1.821
  1.130  1.831
  0.154  0.219  0.323  2.000  2.590  0.424
  0.010  1.103
  0.090  1.127
  0.110  1.134
  0.140  1.144
  0.170  1.156
  0.190  1.163
  0.210  1.172
  0.230  1.180
  0.260  1.193
  0.280  1.202
  0.300  1.211
  0.320  1.221
  0.340  1.231
  0.360  1.241
  0.380  1.251
  0.400  1.262
  0.440  1.284
  0.460  1.295
  0.480  1.307
  0.500  1.319
  0.520  1.331
  0.530  1.338
  0.550  1.350
  0.560  1.357
  0.570  1.363
  0.580  1.370
  0.590  1.376
  0.600  1.383
  0.620  1.397
  0.630  1.404
  0.640  1.411
  0.660  1.425
  0.670  1.432
  0.680  1.439
  0.690  1.447
  0.700  1.454
  0.710  1.461
  0.720  1.469
  0.730  1.477
  0.740  1.484
  0.750  1.492
  0.790  1.523
  0.800  1.532
  0.810  1.540
  0.820  1.548
  0.830  1.556
  0.840  1.564
  0.870  1.590
  0.880  1.598
  0.890  1.607
  0.900  1.616
  0.910  1.625
  0.970  1.679
  0.990  1.697
  1.000  1.707
  1.010  1.716
  1.040  1.745
  1.090  1.794
  1.110  1.815
  1.120  1.825
  1.130  1.835
  0.154  0.220  0.323  2.000  2.590  0.424
  0.010  1.103
  0.090  1.127
  0.110  1.134
  0.140  1.145
  0.170  1.156
  0.190  1.164
  0.210  1.172
  0.230  1.181
  0.260  1.194
  0.280  1.203
  0.300  1.212
  0.320  1.222
  0.340  1.232
  0.360  1.242
  0.380  1.253
  0.400  1.263
  0.440  1.286
  0.460  1.297
  0.480  1.309
  0.500  1.321
  0.520  1.333
  0.530  1.340
  0.550  1.353
  0.560  1.359
  0.570  1.366
  0.580  1.372
  0.590  1.379
  0.600  1.386
  0.620  1.399
  0.630  1.406
  0.640  1.413
  0.660  1.428
  0.670  1.435
  0.680  1.442
  0.690  1.450
  0.700  1.457
  0.710  1.465
  0.720  1.472
  0.730  1.480
  0.740  1.488
  0.750  1.495
  0.790  1.527
  0.800  1.535
  0.810  1.544
  0.820  1.552
  0.830  1.560
  0.840  1.569
  0.870  1.594
  0.880  1.603
  0.890  1.612
  0.900  1.620
  0.910  1.629
  0.970  1.684
  0.990  1.703
  1.000  1.712
  1.010  1.722
  1.040  1.751
  1.090  1.801
  1.110  1.821
  1.120  1.831
  1.130  1.842
  0.154  0.221  0.324  2.000  2.590  0.424
  0.010  1.103
  0.090  1.127
  0.110  1.134
  0.140  1.145
  0.170  1.156
  0.190  1.164
  0.210  1.173
  0.230  1.181
  0.260  1.194
  0.280  1.203
  0.300  1.213
  0.320  1.223
  0.340  1.233
  0.360  1.243
  0.380  1.253
  0.400  1.264
  0.440  1.287
  0.460  1.298
  0.480  1.310
  0.500  1.322
  0.520  1.335
  0.530  1.341
  0.550  1.354
  0.560  1.360
  0.570  1.367
  0.580  1.374
  0.590  1.380
  0.600  1.387
  0.620  1.401
  0.630  1.408
  0.640  1.415
  0.660  1.430
  0.670  1.437
  0.680  1.444
  0.690  1.452
  0.700  1.459
  0.710  1.467
  0.720  1.474
  0.730  1.482
  0.740  1.490
  0.750  1.498
  0.790  1.530
  0.800  1.538
  0.810  1.546
  0.820  1.554
  0.830  1.563
  0.840  1.571
  0.870  1.597
  0.880  1.606
  0.890  1.614
  0.900  1.623
  0.910  1.632
  0.970  1.687
  0.990  1.706
  1.000  1.715
  1.010  1.725
  1.040  1.754
  1.090  1.804
  1.110  1.825
  1.120  1.835
  1.130  1.846
  0.160  0.245  0.332  2.000  2.590  0.424
  0.010  1.103
  0.090  1.131
  0.110  1.139
  0.140  1.152
  0.170  1.165
  0.190  1.174
  0.210  1.183
  0.230  1.193
  0.260  1.208
  0.280  1.219
  0.300  1.229
  0.320  1.240
  0.340  1.252
  0.360  1.264
  0.380  1.276
  0.400  1.288
  0.440  1.314
  0.460  1.327
  0.480  1.341
  0.500  1.355
  0.520  1.369
  0.530  1.376
  0.550  1.391
  0.560  1.398
  0.570  1.406
  0.580  1.414
  0.590  1.421
  0.600  1.429
  0.620  1.445
  0.630  1.453
  0.640  1.461
  0.660  1.478
  0.670  1.486
  0.680  1.494
  0.690  1.503
  0.700  1.511
  0.710  1.520
  0.720  1.529
  0.730  1.538
  0.740  1.547
  0.750  1.556
  0.790  1.592
  0.800  1.602
  0.810  1.611
  0.820  1.621
  0.830  1.630
  0.840  1.640
  0.870  1.669
  0.880  1.679
  0.890  1.689
  0.900  1.700
  0.910  1.710
  0.970  1.773
  0.990  1.794
  1.000  1.805
  1.010  1.816
  1.040  1.850
  1.090  1.907
  1.110  1.931
  1.120  1.943
  1.130  1.955
  0.160  0.247  0.333  2.000  2.590  0.424
  0.010  1.103
  0.090  1.132
  0.110  1.140
  0.140  1.152
  0.170  1.166
  0.190  1.175
  0.210  1.184
  0.230  1.194
  0.260  1.210
  0.280  1.220
  0.300  1.231
  0.320  1.242
  0.340  1.254
  0.360  1.266
  0.380  1.278
  0.400  1.291
  0.440  1.317
  0.460  1.330
  0.480  1.344
  0.500  1.358
  0.520  1.373
  0.530  1.380
  0.550  1.395
  0.560  1.403
  0.570  1.410
  0.580  1.418
  0.590  1.426
  0.600  1.434
  0.620  1.450
  0.630  1.458
  0.640  1.466
  0.660  1.483
  0.670  1.491
  0.680  1.500
  0.690  1.509
  0.700  1.517
  0.710  1.526
  0.720  1.535
  0.730  1.544
  0.740  1.553
  0.750  1.562
  0.790  1.599
  0.800  1.609
  0.810  1.618
  0.820  1.628
  0.830  1.638
  0.840  1.647
  0.870  1.677
  0.880  1.687
  0.890  1.698
  0.900  1.708
  0.910  1.718
  0.970  1.782
  0.990  1.804
  1.000  1.815
  1.010  1.826
  1.040  1.860
  1.090  1.919
  1.110  1.942
  1.120  1.954
  1.130  1.967
  0.162  0.256  0.336  2.000  2.590  0.424
  0.010  1.103
  0.090  1.133
  0.110  1.141
  0.140  1.155
  0.170  1.168
  0.190  1.178
  0.210  1.188
  0.230  1.198
  0.260  1.214
  0.280  1.225
  0.300  1.237
  0.320  1.248
  0.340  1.261
  0.360  1.273
  0.380  1.286
  0.400  1.299
  0.440  1.326
  0.460  1.340
  0.480  1.354
  0.500  1.369
  0.520  1.384
  0.530  1.392
  0.550  1.407
  0.560  1.415
  0.570  1.423
  0.580  1.431
  0.590  1.440
  0.600  1.448
  0.620  1.465
  0.630  1.473
  0.640  1.482
  0.660  1.499
  0.670  1.508
  0.680  1.517
  0.690  1.526
  0.700  1.535
  0.710  1.544
  0.720  1.553
  0.730  1.562
  0.740  1.572
  0.750  1.581
  0.790  1.620
  0.800  1.630
  0.810  1.640
  0.820  1.650
  0.830  1.660
  0.840  1.670
  0.870  1.702
  0.880  1.712
  0.890  1.723
  0.900  1.733
  0.910  1.744
  0.970  1.811
  0.990  1.834
  1.000  1.845
  1.010  1.857
  1.040  1.892
  1.090  1.953
  1.110  1.978
  1.120  1.990
  1.130  2.003
  0.162  0.257  0.336  2.000  2.590  0.424
  0.010  1.103
  0.090  1.133
  0.110  1.142
  0.140  1.155
  0.170  1.169
  0.190  1.178
  0.210  1.188
  0.230  1.199
  0.260  1.215
  0.280  1.226
  0.300  1.237
  0.320  1.249
  0.340  1.261
  0.360  1.274
  0.380  1.287
  0.400  1.300
  0.440  1.327
  0.460  1.341
  0.480  1.356
  0.500  1.370
  0.520  1.385
  0.530  1.393
  0.550  1.409
  0.560  1.417
  0.570  1.425
  0.580  1.433
  0.590  1.441
  0.600  1.449
  0.620  1.466
  0.630  1.475
  0.640  1.483
  0.660  1.501
  0.670  1.510
  0.680  1.519
  0.690  1.528
  0.700  1.537
  0.710  1.546
  0.720  1.555
  0.730  1.565
  0.740  1.574
  0.750  1.583
  0.790  1.622
  0.800  1.632
  0.810  1.642
  0.820  1.652
  0.830  1.663
  0.840  1.673
  0.870  1.704
  0.880  1.715
  0.890  1.726
  0.900  1.736
  0.910  1.747
  0.970  1.814
  0.990  1.837
  1.000  1.849
  1.010  1.860
  1.040  1.896
  1.090  1.957
  1.110  1.982
  1.120  1.994
  1.130  2.007
  0.165  0.265  0.339  2.000  2.590  0.424
  0.010  1.104
  0.090  1.135
  0.110  1.144
  0.140  1.157
  0.170  1.172
  0.190  1.182
  0.210  1.193
  0.230  1.203
  0.260  1.220
  0.280  1.232
  0.300  1.244
  0.320  1.256
  0.340  1.269
  0.360  1.282
  0.380  1.296
  0.400  1.309
  0.440  1.338
  0.460  1.353
  0.480  1.368
  0.500  1.384
  0.520  1.399
  0.530  1.408
  0.550  1.424
  0.560  1.432
  0.570  1.441
  0.580  1.449
  0.590  1.458
  0.600  1.466
  0.620  1.484
  0.630  1.493
  0.640  1.502
  0.660  1.520
  0.670  1.530
  0.680  1.539
  0.690  1.548
  0.700  1.558
  0.710  1.568
  0.720  1.577
  0.730  1.587
  0.740  1.597
  0.750  1.607
  0.790  1.648
  0.800  1.658
  0.810  1.669
  0.820  1.679
  0.830  1.690
  0.840  1.701
  0.870  1.734
  0.880  1.745
  0.890  1.756
  0.900  1.767
  0.910  1.779
  0.970  1.849
  0.990  1.873
  1.000  1.885
  1.010  1.897
  1.040  1.935
  1.090  1.999
  1.110  2.025
  1.120  2.038
  1.130  2.051
  0.166  0.272  0.341  2.000  2.590  0.424
  0.010  1.104
  0.090  1.136
  0.110  1.145
  0.140  1.159
  0.170  1.174
  0.190  1.184
  0.210  1.195
  0.230  1.206
  0.260  1.224
  0.280  1.236
  0.300  1.248
  0.320  1.261
  0.340  1.274
  0.360  1.287
  0.380  1.301
  0.400  1.315
  0.440  1.345
  0.460  1.360
  0.480  1.375
  0.500  1.391
  0.520  1.408
  0.530  1.416
  0.550  1.433
  0.560  1.441
  0.570  1.450
  0.580  1.459
  0.590  1.468
  0.600  1.477
  0.620  1.495
  0.630  1.504
  0.640  1.513
  0.660  1.532
  0.670  1.541
  0.680  1.551
  0.690  1.561
  0.700  1.571
  0.710  1.581
  0.720  1.591
  0.730  1.601
  0.740  1.611
  0.750  1.621
  0.790  1.663
  0.800  1.674
  0.810  1.685
  0.820  1.695
  0.830  1.706
  0.840  1.717
  0.870  1.751
  0.880  1.763
  0.890  1.774
  0.900  1.786
  0.910  1.797
  0.970  1.870
  0.990  1.894
  1.000  1.907
  1.010  1.919
  1.040  1.958
  1.090  2.023
  1.110  2.050
  1.120  2.064
  1.130  2.077
  0.166  0.273  0.341  2.000  2.590  0.424
  0.010  1.104
  0.090  1.136
  0.110  1.145
  0.140  1.159
  0.170  1.174
  0.190  1.185
  0.210  1.196
  0.230  1.207
  0.260  1.224
  0.280  1.236
  0.300  1.249
  0.320  1.262
  0.340  1.275
  0.360  1.288
  0.380  1.302
  0.400  1.317
  0.440  1.346
  0.460  1.361
  0.480  1.377
  0.500  1.393
  0.520  1.410
  0.530  1.418
  0.550  1.435
  0.560  1.444
  0.570  1.452
  0.580  1.461
  0.590  1.470
  0.600  1.479
  0.620  1.497
  0.630  1.506
  0.640  1.516
  0.660  1.535
  0.670  1.544
  0.680  1.554
  0.690  1.564
  0.700  1.574
  0.710  1.584
  0.720  1.594
  0.730  1.604
  0.740  1.614
  0.750  1.624
  0.790  1.667
  0.800  1.677
  0.810  1.688
  0.820  1.699
  0.830  1.710
  0.840  1.721
  0.870  1.755
  0.880  1.767
  0.890  1.778
  0.900  1.790
  0.910  1.802
  0.970  1.874
  0.990  1.899
  1.000  1.912
  1.010  1.924
  1.040  1.963
  1.090  2.029
  1.110  2.056
  1.120  2.070
  1.130  2.084
  0.166  0.274  0.342  2.000  2.590  0.424
  0.010  1.104
  0.090  1.136
  0.110  1.145
  0.140  1.160
  0.170  1.175
  0.190  1.185
  0.210  1.196
  0.230  1.208
  0.260  1.225
  0.280  1.237
  0.300  1.250
  0.320  1.263
  0.340  1.276
  0.360  1.290
  0.380  1.304
  0.400  1.318
  0.440  1.348
  0.460  1.363
  0.480  1.379
  0.500  1.395
  0.520  1.412
  0.530  1.420
  0.550  1.437
  0.560  1.446
  0.570  1.454
  0.580  1.463
  0.590  1.472
  0.600  1.481
  0.620  1.500
  0.630  1.509
  0.640  1.518
  0.660  1.537
  0.670  1.547
  0.680  1.557
  0.690  1.567
  0.700  1.576
  0.710  1.587
  0.720  1.597
  0.730  1.607
  0.740  1.617
  0.750  1.628
  0.790  1.670
  0.800  1.681
  0.810  1.692
  0.820  1.703
  0.830  1.714
  0.840  1.725
  0.870  1.759
  0.880  1.771
  0.890  1.783
  0.900  1.794
  0.910  1.806
  0.970  1.879
  0.990  1.904
  1.000  1.917
  1.010  1.930
  1.040  1.968
  1.090  2.035
  1.110  2.062
  1.120  2.076
  1.130  2.090
  0.167  0.276  0.343  2.000  2.590  0.424
  0.010  1.104
  0.090  1.137
  0.110  1.146
  0.140  1.160
  0.170  1.176
  0.190  1.186
  0.210  1.197
  0.230  1.209
  0.260  1.226
  0.280  1.239
  0.300  1.251
  0.320  1.264
  0.340  1.278
  0.360  1.291
  0.380  1.306
  0.400  1.320
  0.440  1.350
  0.460  1.366
  0.480  1.382
  0.500  1.398
  0.520  1.415
  0.530  1.423
  0.550  1.440
  0.560  1.449
  0.570  1.458
  0.580  1.467
  0.590  1.476
  0.600  1.485
  0.620  1.504
  0.630  1.513
  0.640  1.522
  0.660  1.542
  0.670  1.551
  0.680  1.561
  0.690  1.571
  0.700  1.581
  0.710  1.591
  0.720  1.602
  0.730  1.612
  0.740  1.622
  0.750  1.633
  0.790  1.676
  0.800  1.687
  0.810  1.698
  0.820  1.709
  0.830  1.720
  0.840  1.731
  0.870  1.766
  0.880  1.778
  0.890  1.789
  0.900  1.801
  0.910  1.813
  0.970  1.887
  0.990  1.912
  1.000  1.925
  1.010  1.938
  1.040  1.977
  1.090  2.044
  1.110  2.072
  1.120  2.086
  1.130  2.100
  0.167  0.277  0.343  2.000  2.590  0.424
  0.010  1.104
  0.090  1.138
  0.110  1.147
  0.140  1.162
  0.170  1.178
  0.190  1.189
  0.210  1.200
  0.230  1.212
  0.260  1.230
  0.280  1.242
  0.300  1.255
  0.320  1.269
  0.340  1.282
  0.360  1.297
  0.380  1.311
  0.400  1.326
  0.440  1.357
  0.460  1.373
  0.480  1.389
  0.500  1.406
  0.520  1.423
  0.530  1.432
  0.550  1.450
  0.560  1.459
  0.570  1.468
  0.580  1.477
  0.590  1.486
  0.600  1.495
  0.620  1.514
  0.630  1.524
  0.640  1.534
  0.660  1.554
  0.670  1.564
  0.680  1.574
  0.690  1.584
  0.700  1.594
  0.710  1.605
  0.720  1.615
  0.730  1.626
  0.740  1.636
  0.750  1.647
  0.790  1.691
  0.800  1.702
  0.810  1.714
  0.820  1.725
  0.830  1.737
  0.840  1.748
  0.870  1.784
  0.880  1.796
  0.890  1.808
  0.900  1.820
  0.910  1.832
  0.970  1.908
  0.990  1.934
  1.000  1.947
  1.010  1.960
  1.040  2.001
  1.090  2.070
  1.110  2.098
  1.120  2.112
  1.130  2.126
  0.174  0.305  0.353  2.000  2.590  0.424
  0.010  1.106
  0.090  1.161
  0.110  1.177
  0.140  1.201
  0.170  1.226
  0.190  1.244
  0.210  1.262
  0.230  1.281
  0.260  1.311
  0.280  1.332
  0.300  1.353
  0.320  1.375
  0.340  1.397
  0.360  1.420
  0.380  1.443
  0.400  1.468
  0.440  1.518
  0.460  1.544
  0.480  1.571
  0.500  1.598
  0.520  1.626
  0.530  1.640
  0.550  1.669
  0.560  1.683
  0.570  1.698
  0.580  1.713
  0.590  1.728
  0.600  1.743
  0.620  1.774
  0.630  1.790
  0.640  1.806
  0.660  1.838
  0.670  1.854
  0.680  1.871
  0.690  1.887
  0.700  1.904
  0.710  1.921
  0.720  1.938
  0.730  1.955
  0.740  1.973
  0.750  1.990
  0.790  2.062
  0.800  2.080
  0.810  2.099
  0.820  2.117
  0.830  2.136
  0.840  2.155
  0.870  2.213
  0.880  2.232
  0.890  2.252
  0.900  2.272
  0.910  2.292
  0.970  2.415
  0.990  2.457
  1.000  2.479
  1.010  2.500
  1.040  2.566
  1.090  2.678
  1.110  2.724
  1.120  2.747
  1.130  2.770
  0.174  0.307  0.354  2.000  2.590  0.424
  0.010  1.106
  0.090  1.162
  0.110  1.178
  0.140  1.202
  0.170  1.228
  0.190  1.246
  0.210  1.265
  0.230  1.284
  0.260  1.314
  0.280  1.335
  0.300  1.357
  0.320  1.379
  0.340  1.401
  0.360  1.425
  0.380  1.449
  0.400  1.473
  0.440  1.524
  0.460  1.551
  0.480  1.578
  0.500  1.605
  0.520  1.634
  0.530  1.648
  0.550  1.677
  0.560  1.692
  0.570  1.707
  0.580  1.722
  0.590  1.737
  0.600  1.753
  0.620  1.784
  0.630  1.800
  0.640  1.816
  0.660  1.849
  0.670  1.866
  0.680  1.882
  0.690  1.899
  0.700  1.916
  0.710  1.933
  0.720  1.951
  0.730  1.968
  0.740  1.986
  0.750  2.004
  0.790  2.076
  0.800  2.095
  0.810  2.114
  0.820  2.133
  0.830  2.152
  0.840  2.171
  0.870  2.229
  0.880  2.249
  0.890  2.269
  0.900  2.289
  0.910  2.309
  0.970  2.434
  0.990  2.477
  1.000  2.499
  1.010  2.521
  1.040  2.587
  1.090  2.701
  1.110  2.748
  1.120  2.771
  1.130  2.795
  0.174  0.309  0.354  2.000  2.590  0.424
  0.010  1.106
  0.090  1.163
  0.110  1.179
  0.140  1.204
  0.170  1.230
  0.190  1.249
  0.210  1.268
  0.230  1.287
  0.260  1.318
  0.280  1.339
  0.300  1.361
  0.320  1.383
  0.340  1.406
  0.360  1.430
  0.380  1.454
  0.400  1.479
  0.440  1.531
  0.460  1.558
  0.480  1.585
  0.500  1.613
  0.520  1.642
  0.530  1.657
  0.550  1.686
  0.560  1.702
  0.570  1.717
  0.580  1.732
  0.590  1.748
  0.600  1.763
  0.620  1.795
  0.630  1.812
  0.640  1.828
  0.660  1.861
  0.670  1.878
  0.680  1.895
  0.690  1.912
  0.700  1.929
  0.710  1.947
  0.720  1.964
  0.730  1.982
  0.740  2.000
  0.750  2.018
  0.790  2.092
  0.800  2.111
  0.810  2.130
  0.820  2.149
  0.830  2.168
  0.840  2.188
  0.870  2.247
  0.880  2.268
  0.890  2.288
  0.900  2.308
  0.910  2.329
  0.970  2.456
  0.990  2.499
  1.000  2.522
  1.010  2.544
  1.040  2.611
  1.090  2.727
  1.110  2.774
  1.120  2.798
  1.130  2.822
  0.179  0.332  0.358  2.000  2.590  0.424
  0.010  1.107
  0.090  1.166
  0.110  1.182
  0.140  1.208
  0.170  1.235
  0.190  1.255
  0.210  1.274
  0.230  1.295
  0.260  1.326
  0.280  1.348
  0.300  1.371
  0.320  1.394
  0.340  1.418
  0.360  1.443
  0.380  1.468
  0.400  1.494
  0.440  1.548
  0.460  1.576
  0.480  1.605
  0.500  1.634
  0.520  1.664
  0.530  1.679
  0.550  1.710
  0.560  1.725
  0.570  1.741
  0.580  1.757
  0.590  1.773
  0.600  1.790
  0.620  1.823
  0.630  1.840
  0.640  1.857
  0.660  1.891
  0.670  1.909
  0.680  1.926
  0.690  1.944
  0.700  1.962
  0.710  1.980
  0.720  1.999
  0.730  2.017
  0.740  2.036
  0.750  2.055
  0.790  2.131
  0.800  2.151
  0.810  2.171
  0.820  2.191
  0.830  2.211
  0.840  2.231
  0.870  2.293
  0.880  2.314
  0.890  2.335
  0.900  2.356
  0.910  2.378
  0.970  2.510
  0.990  2.555
  1.000  2.578
  1.010  2.601
  1.040  2.671
  1.090  2.792
  1.110  2.841
  1.120  2.866
  1.130  2.891
  0.180  0.336  0.359  2.000  2.590  0.424
  0.010  1.107
  0.090  1.165
  0.110  1.182
  0.140  1.207
  0.170  1.235
  0.190  1.254
  0.210  1.273
  0.230  1.293
  0.260  1.325
  0.280  1.347
  0.300  1.370
  0.320  1.393
  0.340  1.417
  0.360  1.441
  0.380  1.466
  0.400  1.492
  0.440  1.546
  0.460  1.573
  0.480  1.602
  0.500  1.631
  0.520  1.661
  0.530  1.676
  0.550  1.706
  0.560  1.722
  0.570  1.738
  0.580  1.754
  0.590  1.770
  0.600  1.786
  0.620  1.819
  0.630  1.836
  0.640  1.853
  0.660  1.887
  0.670  1.904
  0.680  1.922
  0.690  1.940
  0.700  1.957
  0.710  1.975
  0.720  1.994
  0.730  2.012
  0.740  2.031
  0.750  2.049
  0.790  2.126
  0.800  2.145
  0.810  2.165
  0.820  2.185
  0.830  2.205
  0.840  2.225
  0.870  2.286
  0.880  2.307
  0.890  2.328
  0.900  2.349
  0.910  2.371
  0.970  2.502
  0.990  2.547
  1.000  2.570
  1.010  2.593
  1.040  2.662
  1.090  2.782
  1.110  2.831
  1.120  2.856
  1.130  2.881
  0.181  0.339  0.359  2.000  2.590  0.424
  0.010  1.107
  0.090  1.165
  0.110  1.182
  0.140  1.207
  0.170  1.235
  0.190  1.254
  0.210  1.273
  0.230  1.293
  0.260  1.325
  0.280  1.347
  0.300  1.369
  0.320  1.393
  0.340  1.416
  0.360  1.441
  0.380  1.466
  0.400  1.492
  0.440  1.545
  0.460  1.573
  0.480  1.601
  0.500  1.631
  0.520  1.660
  0.530  1.675
  0.550  1.706
  0.560  1.722
  0.570  1.737
  0.580  1.753
  0.590  1.769
  0.600  1.786
  0.620  1.819
  0.630  1.835
  0.640  1.852
  0.660  1.886
  0.670  1.904
  0.680  1.921
  0.690  1.939
  0.700  1.957
  0.710  1.975
  0.720  1.993
  0.730  2.012
  0.740  2.030
  0.750  2.049
  0.790  2.125
  0.800  2.145
  0.810  2.164
  0.820  2.184
  0.830  2.204
  0.840  2.224
  0.870  2.286
  0.880  2.307
  0.890  2.328
  0.900  2.349
  0.910  2.370
  0.970  2.501
  0.990  2.546
  1.000  2.569
  1.010  2.592
  1.040  2.662
  1.090  2.781
  1.110  2.830
  1.120  2.855
  1.130  2.880
  0.181  0.340  0.360  2.000  2.590  0.424
  0.010  1.107
  0.090  1.165
  0.110  1.182
  0.140  1.207
  0.170  1.235
  0.190  1.254
  0.210  1.273
  0.230  1.293
  0.260  1.325
  0.280  1.347
  0.300  1.369
  0.320  1.392
  0.340  1.416
  0.360  1.441
  0.380  1.466
  0.400  1.492
  0.440  1.545
  0.460  1.573
  0.480  1.601
  0.500  1.630
  0.520  1.660
  0.530  1.675
  0.550  1.706
  0.560  1.721
  0.570  1.737
  0.580  1.753
  0.590  1.769
  0.600  1.785
  0.620  1.818
  0.630  1.835
  0.640  1.852
  0.660  1.886
  0.670  1.904
  0.680  1.921
  0.690  1.939
  0.700  1.957
  0.710  1.975
  0.720  1.993
  0.730  2.011
  0.740  2.030
  0.750  2.048
  0.790  2.125
  0.800  2.144
  0.810  2.164
  0.820  2.184
  0.830  2.204
  0.840  2.224
  0.870  2.285
  0.880  2.306
  0.890  2.327
  0.900  2.348
  0.910  2.370
  0.970  2.501
  0.990  2.546
  1.000  2.568
  1.010  2.591
  1.040  2.661
  1.090  2.781
  1.110  2.830
  1.120  2.854
  1.130  2.879
  0.181  0.342  0.360  2.000  2.590  0.424
  0.010  1.107
  0.090  1.165
  0.110  1.182
  0.140  1.207
  0.170  1.235
  0.190  1.253
  0.210  1.273
  0.230  1.293
  0.260  1.325
  0.280  1.347
  0.300  1.369
  0.320  1.392
  0.340  1.416
  0.360  1.441
  0.380  1.466
  0.400  1.492
  0.440  1.545
  0.460  1.573
  0.480  1.601
  0.500  1.630
  0.520  1.660
  0.530  1.675
  0.550  1.706
  0.560  1.721
  0.570  1.737
  0.580  1.753
  0.590  1.769
  0.600  1.785
  0.620  1.818
  0.630  1.835
  0.640  1.852
  0.660  1.886
  0.670  1.903
  0.680  1.921
  0.690  1.939
  0.700  1.956
  0.710  1.974
  0.720  1.993
  0.730  2.011
  0.740  2.030
  0.750  2.048
  0.790  2.125
  0.800  2.144
  0.810  2.164
  0.820  2.183
  0.830  2.203
  0.840  2.224
  0.870  2.285
  0.880  2.306
  0.890  2.327
  0.900  2.348
  0.910  2.369
  0.970  2.500
  0.990  2.545
  1.000  2.568
  1.010  2.591
  1.040  2.661
  1.090  2.780
  1.110  2.829
  1.120  2.854
  1.130  2.879
  0.182  0.343  0.360  2.000  2.590  0.424
  0.010  1.107
  0.090  1.165
  0.110  1.182
  0.140  1.207
  0.170  1.235
  0.190  1.253
  0.210  1.273
  0.230  1.293
  0.260  1.325
  0.280  1.347
  0.300  1.369
  0.320  1.392
  0.340  1.416
  0.360  1.441
  0.380  1.466
  0.400  1.491
  0.440  1.545
  0.460  1.573
  0.480  1.601
  0.500  1.630
  0.520  1.660
  0.530  1.675
  0.550  1.706
  0.560  1.721
  0.570  1.737
  0.580  1.753
  0.590  1.769
  0.600  1.785
  0.620  1.818
  0.630  1.835
  0.640  1.852
  0.660  1.886
  0.670  1.903
  0.680  1.921
  0.690  1.938
  0.700  1.956
  0.710  1.974
  0.720  1.992
  0.730  2.011
  0.740  2.029
  0.750  2.048
  0.790  2.124
  0.800  2.144
  0.810  2.163
  0.820  2.183
  0.830  2.203
  0.840  2.223
  0.870  2.285
  0.880  2.306
  0.890  2.326
  0.900  2.348
  0.910  2.369
  0.970  2.500
  0.990  2.545
  1.000  2.568
  1.010  2.591
  1.040  2.660
  1.090  2.780
  1.110  2.829
  1.120  2.853
  1.130  2.878
  0.182  0.345  0.360  2.000  2.590  0.424
  0.010  1.107
  0.090  1.165
  0.110  1.182
  0.140  1.207
  0.170  1.234
  0.190  1.253
  0.210  1.273
  0.230  1.293
  0.260  1.325
  0.280  1.347
  0.300  1.369
  0.320  1.392
  0.340  1.416
  0.360  1.440
  0.380  1.466
  0.400  1.491
  0.440  1.545
  0.460  1.573
  0.480  1.601
  0.500  1.630
  0.520  1.660
  0.530  1.675
  0.550  1.705
  0.560  1.721
  0.570  1.737
  0.580  1.753
  0.590  1.769
  0.600  1.785
  0.620  1.818
  0.630  1.834
  0.640  1.851
  0.660  1.886
  0.670  1.903
  0.680  1.920
  0.690  1.938
  0.700  1.956
  0.710  1.974
  0.720  1.992
  0.730  2.011
  0.740  2.029
  0.750  2.048
  0.790  2.124
  0.800  2.143
  0.810  2.163
  0.820  2.183
  0.830  2.203
  0.840  2.223
  0.870  2.284
  0.880  2.305
  0.890  2.326
  0.900  2.347
  0.910  2.369
  0.970  2.500
  0.990  2.545
  1.000  2.567
  1.010  2.590
  1.040  2.660
  1.090  2.779
  1.110  2.828
  1.120  2.853
  1.130  2.878
  0.189  0.392  0.400  2.000  2.590  0.424
  0.010  1.106
  0.090  1.163
  0.110  1.179
  0.140  1.204
  0.170  1.230
  0.190  1.249
  0.210  1.268
  0.230  1.287
  0.260  1.318
  0.280  1.339
  0.300  1.361
  0.320  1.383
  0.340  1.406
  0.360  1.430
  0.380  1.454
  0.400  1.479
  0.440  1.531
  0.460  1.558
  0.480  1.585
  0.500  1.613
  0.520  1.642
  0.530  1.657
  0.550  1.686
  0.560  1.702
  0.570  1.717
  0.580  1.732
  0.590  1.748
  0.600  1.763
  0.620  1.795
  0.630  1.812
  0.640  1.828
  0.660  1.861
  0.670  1.878
  0.680  1.895
  0.690  1.912
  0.700  1.929
  0.710  1.947
  0.720  1.964
  0.730  1.982
  0.740  2.000
  0.750  2.018
  0.790  2.092
  0.800  2.111
  0.810  2.130
  0.820  2.149
  0.830  2.168
  0.840  2.188
  0.870  2.247
  0.880  2.268
  0.890  2.288
  0.900  2.308
  0.910  2.329
  0.970  2.456
  0.990  2.499
  1.000  2.521
  1.010  2.544
  1.040  2.611
  1.090  2.727
  1.110  2.774
  1.120  2.798
  1.130  2.822
  0.191  0.404  0.421  2.000  2.590  0.424
  0.010  1.106
  0.090  1.163
  0.110  1.178
  0.140  1.203
  0.170  1.229
  0.190  1.247
  0.210  1.266
  0.230  1.285
  0.260  1.316
  0.280  1.337
  0.300  1.358
  0.320  1.380
  0.340  1.403
  0.360  1.427
  0.380  1.451
  0.400  1.476
  0.440  1.527
  0.460  1.554
  0.480  1.581
  0.500  1.609
  0.520  1.637
  0.530  1.652
  0.550  1.681
  0.560  1.696
  0.570  1.711
  0.580  1.726
  0.590  1.742
  0.600  1.757
  0.620  1.789
  0.630  1.805
  0.640  1.821
  0.660  1.854
  0.670  1.871
  0.680  1.887
  0.690  1.904
  0.700  1.922
  0.710  1.939
  0.720  1.956
  0.730  1.974
  0.740  1.992
  0.750  2.010
  0.790  2.083
  0.800  2.101
  0.810  2.120
  0.820  2.139
  0.830  2.159
  0.840  2.178
  0.870  2.237
  0.880  2.257
  0.890  2.277
  0.900  2.297
  0.910  2.317
  0.970  2.443
  0.990  2.486
  1.000  2.508
  1.010  2.530
  1.040  2.597
  1.090  2.712
  1.110  2.759
  1.120  2.782
  1.130  2.806
  0.191  0.409  0.426  2.000  2.590  0.424
  0.010  1.106
  0.090  1.163
  0.110  1.178
  0.140  1.203
  0.170  1.229
  0.190  1.247
  0.210  1.266
  0.230  1.285
  0.260  1.315
  0.280  1.336
  0.300  1.358
  0.320  1.380
  0.340  1.403
  0.360  1.426
  0.380  1.450
  0.400  1.475
  0.440  1.526
  0.460  1.552
  0.480  1.580
  0.500  1.607
  0.520  1.636
  0.530  1.650
  0.550  1.680
  0.560  1.694
  0.570  1.709
  0.580  1.725
  0.590  1.740
  0.600  1.756
  0.620  1.787
  0.630  1.803
  0.640  1.819
  0.660  1.852
  0.670  1.869
  0.680  1.885
  0.690  1.902
  0.700  1.919
  0.710  1.937
  0.720  1.954
  0.730  1.972
  0.740  1.989
  0.750  2.007
  0.790  2.080
  0.800  2.099
  0.810  2.118
  0.820  2.137
  0.830  2.156
  0.840  2.175
  0.870  2.234
  0.880  2.254
  0.890  2.274
  0.900  2.294
  0.910  2.314
  0.970  2.440
  0.990  2.483
  1.000  2.505
  1.010  2.527
  1.040  2.593
  1.090  2.708
  1.110  2.754
  1.120  2.778
  1.130  2.802
  0.195  0.452  0.498  2.000  2.590  0.424
  0.010  1.106
  0.090  1.161
  0.110  1.176
  0.140  1.199
  0.170  1.225
  0.190  1.242
  0.210  1.260
  0.230  1.279
  0.260  1.308
  0.280  1.328
  0.300  1.349
  0.320  1.371
  0.340  1.393
  0.360  1.415
  0.380  1.439
  0.400  1.462
  0.440  1.512
  0.460  1.538
  0.480  1.564
  0.500  1.591
  0.520  1.618
  0.530  1.632
  0.550  1.661
  0.560  1.675
  0.570  1.690
  0.580  1.704
  0.590  1.719
  0.600  1.734
  0.620  1.765
  0.630  1.780
  0.640  1.796
  0.660  1.828
  0.670  1.844
  0.680  1.860
  0.690  1.876
  0.700  1.893
  0.710  1.910
  0.720  1.926
  0.730  1.943
  0.740  1.960
  0.750  1.978
  0.790  2.048
  0.800  2.066
  0.810  2.085
  0.820  2.103
  0.830  2.122
  0.840  2.140
  0.870  2.197
  0.880  2.216
  0.890  2.236
  0.900  2.255
  0.910  2.275
  0.970  2.396
  0.990  2.438
  1.000  2.459
  1.010  2.480
  1.040  2.545
  1.090  2.655
  1.110  2.701
  1.120  2.724
  1.130  2.747
  0.199  0.505  0.585  2.000  2.590  0.424
  0.010  1.106
  0.090  1.158
  0.110  1.173
  0.140  1.195
  0.170  1.219
  0.190  1.236
  0.210  1.254
  0.230  1.272
  0.260  1.300
  0.280  1.319
  0.300  1.339
  0.320  1.360
  0.340  1.381
  0.360  1.403
  0.380  1.425
  0.400  1.448
  0.440  1.495
  0.460  1.520
  0.480  1.545
  0.500  1.571
  0.520  1.597
  0.530  1.611
  0.550  1.638
  0.560  1.652
  0.570  1.666
  0.580  1.680
  0.590  1.694
  0.600  1.709
  0.620  1.738
  0.630  1.753
  0.640  1.768
  0.660  1.798
  0.670  1.813
  0.680  1.829
  0.690  1.845
  0.700  1.861
  0.710  1.877
  0.720  1.893
  0.730  1.909
  0.740  1.926
  0.750  1.942
  0.790  2.010
  0.800  2.027
  0.810  2.045
  0.820  2.062
  0.830  2.080
  0.840  2.098
  0.870  2.152
  0.880  2.171
  0.890  2.189
  0.900  2.208
  0.910  2.227
  0.970  2.344
  0.990  2.384
  1.000  2.404
  1.010  2.424
  1.040  2.486
  1.090  2.592
  1.110  2.636
  1.120  2.658
  1.130  2.680
  0.200  0.509  0.592  2.000  2.590  0.424
  0.010  1.106
  0.090  1.158
  0.110  1.172
  0.140  1.195
  0.170  1.219
  0.190  1.236
  0.210  1.253
  0.230  1.271
  0.260  1.299
  0.280  1.318
  0.300  1.338
  0.320  1.359
  0.340  1.380
  0.360  1.401
  0.380  1.424
  0.400  1.446
  0.440  1.494
  0.460  1.518
  0.480  1.543
  0.500  1.569
  0.520  1.595
  0.530  1.609
  0.550  1.636
  0.560  1.650
  0.570  1.664
  0.580  1.678
  0.590  1.692
  0.600  1.706
  0.620  1.735
  0.630  1.750
  0.640  1.765
  0.660  1.795
  0.670  1.811
  0.680  1.826
  0.690  1.842
  0.700  1.858
  0.710  1.874
  0.720  1.890
  0.730  1.906
  0.740  1.922
  0.750  1.939
  0.790  2.007
  0.800  2.024
  0.810  2.041
  0.820  2.059
  0.830  2.076
  0.840  2.094
  0.870  2.149
  0.880  2.167
  0.890  2.185
  0.900  2.204
  0.910  2.223
  0.970  2.339
  0.990  2.379
  1.000  2.399
  1.010  2.419
  1.040  2.481
  1.090  2.587
  1.110  2.630
  1.120  2.652
  1.130  2.674
  0.200  0.514  0.600  2.000  2.590  0.424
  0.010  1.106
  0.090  1.158
  0.110  1.172
  0.140  1.195
  0.170  1.219
  0.190  1.235
  0.210  1.253
  0.230  1.270
  0.260  1.298
  0.280  1.317
  0.300  1.337
  0.320  1.358
  0.340  1.379
  0.360  1.400
  0.380  1.422
  0.400  1.445
  0.440  1.492
  0.460  1.517
  0.480  1.542
  0.500  1.567
  0.520  1.594
  0.530  1.607
  0.550  1.634
  0.560  1.648
  0.570  1.662
  0.580  1.676
  0.590  1.690
  0.600  1.704
  0.620  1.733
  0.630  1.748
  0.640  1.763
  0.660  1.793
  0.670  1.808
  0.680  1.824
  0.690  1.839
  0.700  1.855
  0.710  1.871
  0.720  1.887
  0.730  1.903
  0.740  1.919
  0.750  1.936
  0.790  2.003
  0.800  2.020
  0.810  2.038
  0.820  2.055
  0.830  2.073
  0.840  2.091
  0.870  2.145
  0.880  2.163
  0.890  2.181
  0.900  2.200
  0.910  2.219
  0.970  2.334
  0.990  2.374
  1.000  2.394
  1.010  2.414
  1.040  2.476
  1.090  2.581
  1.110  2.624
  1.120  2.646
  1.130  2.668
  0.200  0.524  0.636  2.000  2.590  0.424
  0.010  1.106
  0.090  1.157
  0.110  1.172
  0.140  1.194
  0.170  1.218
  0.190  1.235
  0.210  1.252
  0.230  1.270
  0.260  1.298
  0.280  1.317
  0.300  1.337
  0.320  1.357
  0.340  1.378
  0.360  1.399
  0.380  1.421
  0.400  1.444
  0.440  1.491
  0.460  1.515
  0.480  1.540
  0.500  1.566
  0.520  1.592
  0.530  1.605
  0.550  1.632
  0.560  1.646
  0.570  1.660
  0.580  1.674
  0.590  1.688
  0.600  1.702
  0.620  1.731
  0.630  1.746
  0.640  1.761
  0.660  1.791
  0.670  1.806
  0.680  1.821
  0.690  1.837
  0.700  1.853
  0.710  1.868
  0.720  1.884
  0.730  1.901
  0.740  1.917
  0.750  1.933
  0.790  2.000
  0.800  2.017
  0.810  2.035
  0.820  2.052
  0.830  2.070
  0.840  2.087
  0.870  2.141
  0.880  2.160
  0.890  2.178
  0.900  2.197
  0.910  2.215
  0.970  2.331
  0.990  2.370
  1.000  2.390
  1.010  2.410
  1.040  2.472
  1.090  2.577
  1.110  2.620
  1.120  2.641
  1.130  2.663
  0.201  0.535  0.672  2.000  2.590  0.424
  0.010  1.106
  0.090  1.157
  0.110  1.172
  0.140  1.194
  0.170  1.218
  0.190  1.234
  0.210  1.252
  0.230  1.269
  0.260  1.297
  0.280  1.316
  0.300  1.336
  0.320  1.356
  0.340  1.377
  0.360  1.398
  0.380  1.420
  0.400  1.443
  0.440  1.490
  0.460  1.514
  0.480  1.539
  0.500  1.564
  0.520  1.590
  0.530  1.604
  0.550  1.631
  0.560  1.644
  0.570  1.658
  0.580  1.672
  0.590  1.686
  0.600  1.700
  0.620  1.729
  0.630  1.744
  0.640  1.759
  0.660  1.789
  0.670  1.804
  0.680  1.819
  0.690  1.835
  0.700  1.850
  0.710  1.866
  0.720  1.882
  0.730  1.898
  0.740  1.914
  0.750  1.931
  0.790  1.998
  0.800  2.015
  0.810  2.032
  0.820  2.049
  0.830  2.067
  0.840  2.084
  0.870  2.138
  0.880  2.156
  0.890  2.175
  0.900  2.193
  0.910  2.212
  0.970  2.327
  0.990  2.366
  1.000  2.386
  1.010  2.406
  1.040  2.467
  1.090  2.572
  1.110  2.615
  1.120  2.636
  1.130  2.658
  0.201  0.545  0.708  2.000  2.590  0.424
  0.010  1.106
  0.090  1.157
  0.110  1.171
  0.140  1.194
  0.170  1.217
  0.190  1.234
  0.210  1.251
  0.230  1.269
  0.260  1.296
  0.280  1.315
  0.300  1.335
  0.320  1.355
  0.340  1.376
  0.360  1.397
  0.380  1.419
  0.400  1.442
  0.440  1.489
  0.460  1.513
  0.480  1.538
  0.500  1.563
  0.520  1.589
  0.530  1.602
  0.550  1.629
  0.560  1.642
  0.570  1.656
  0.580  1.670
  0.590  1.684
  0.600  1.698
  0.620  1.727
  0.630  1.742
  0.640  1.756
  0.660  1.786
  0.670  1.802
  0.680  1.817
  0.690  1.832
  0.700  1.848
  0.710  1.864
  0.720  1.880
  0.730  1.896
  0.740  1.912
  0.750  1.928
  0.790  1.995
  0.800  2.012
  0.810  2.029
  0.820  2.046
  0.830  2.064
  0.840  2.081
  0.870  2.135
  0.880  2.153
  0.890  2.171
  0.900  2.190
  0.910  2.208
  0.970  2.323
  0.990  2.362
  1.000  2.382
  1.010  2.402
  1.040  2.463
  1.090  2.567
  1.110  2.610
  1.120  2.632
  1.130  2.653
  0.202  0.565  0.780  2.000  2.590  0.424
  0.010  1.106
  0.090  1.157
  0.110  1.171
  0.140  1.193
  0.170  1.217
  0.190  1.233
  0.210  1.250
  0.230  1.268
  0.260  1.295
  0.280  1.314
  0.300  1.334
  0.320  1.354
  0.340  1.374
  0.360  1.396
  0.380  1.417
  0.400  1.440
  0.440  1.486
  0.460  1.510
  0.480  1.535
  0.500  1.560
  0.520  1.586
  0.530  1.599
  0.550  1.626
  0.560  1.639
  0.570  1.653
  0.580  1.667
  0.590  1.680
  0.600  1.695
  0.620  1.723
  0.630  1.738
  0.640  1.752
  0.660  1.782
  0.670  1.797
  0.680  1.812
  0.690  1.828
  0.700  1.843
  0.710  1.859
  0.720  1.875
  0.730  1.890
  0.740  1.907
  0.750  1.923
  0.790  1.989
  0.800  2.006
  0.810  2.023
  0.820  2.040
  0.830  2.057
  0.840  2.075
  0.870  2.128
  0.880  2.146
  0.890  2.164
  0.900  2.183
  0.910  2.201
  0.970  2.315
  0.990  2.354
  1.000  2.374
  1.010  2.394
  1.040  2.454
  1.090  2.558
  1.110  2.600
  1.120  2.622
  1.130  2.643
  0.210  0.675  1.426  2.000  2.590  0.424
  0.010  1.105
  0.090  1.153
  0.110  1.167
  0.140  1.188
  0.170  1.210
  0.190  1.225
  0.210  1.241
  0.230  1.258
  0.260  1.283
  0.280  1.301
  0.300  1.319
  0.320  1.338
  0.340  1.358
  0.360  1.378
  0.380  1.398
  0.400  1.419
  0.440  1.463
  0.460  1.485
  0.480  1.509
  0.500  1.532
  0.520  1.556
  0.530  1.569
  0.550  1.594
  0.560  1.606
  0.570  1.619
  0.580  1.632
  0.590  1.645
  0.600  1.658
  0.620  1.685
  0.630  1.699
  0.640  1.713
  0.660  1.741
  0.670  1.755
  0.680  1.769
  0.690  1.784
  0.700  1.798
  0.710  1.813
  0.720  1.828
  0.730  1.843
  0.740  1.858
  0.750  1.873
  0.790  1.935
  0.800  1.951
  0.810  1.967
  0.820  1.983
  0.830  1.999
  0.840  2.016
  0.870  2.066
  0.880  2.083
  0.890  2.100
  0.900  2.117
  0.910  2.135
  0.970  2.241
  0.990  2.278
  1.000  2.297
  1.010  2.315
  1.040  2.372
  1.090  2.470
  1.110  2.509
  1.120  2.530
  1.130  2.550
  0.210  0.675  1.466  2.000  2.590  0.424
  0.010  1.105
  0.090  1.153
  0.110  1.166
  0.140  1.187
  0.170  1.209
  0.190  1.225
  0.210  1.240
  0.230  1.257
  0.260  1.282
  0.280  1.300
  0.300  1.319
  0.320  1.337
  0.340  1.357
  0.360  1.377
  0.380  1.397
  0.400  1.418
  0.440  1.461
  0.460  1.484
  0.480  1.507
  0.500  1.530
  0.520  1.554
  0.530  1.567
  0.550  1.592
  0.560  1.604
  0.570  1.617
  0.580  1.630
  0.590  1.643
  0.600  1.656
  0.620  1.683
  0.630  1.696
  0.640  1.710
  0.660  1.738
  0.670  1.752
  0.680  1.766
  0.690  1.781
  0.700  1.795
  0.710  1.810
  0.720  1.825
  0.730  1.839
  0.740  1.854
  0.750  1.870
  0.790  1.932
  0.800  1.947
  0.810  1.963
  0.820  1.979
  0.830  1.996
  0.840  2.012
  0.870  2.062
  0.880  2.079
  0.890  2.096
  0.900  2.113
  0.910  2.130
  0.970  2.237
  0.990  2.273
  1.000  2.292
  1.010  2.310
  1.040  2.367
  1.090  2.464
  1.110  2.503
  1.120  2.523
  1.130  2.544
  0.211  0.675  1.537  2.000  2.590  0.424
  0.010  1.105
  0.090  1.153
  0.110  1.166
  0.140  1.186
  0.170  1.208
  0.190  1.224
  0.210  1.239
  0.230  1.256
  0.260  1.281
  0.280  1.299
  0.300  1.317
  0.320  1.335
  0.340  1.355
  0.360  1.374
  0.380  1.395
  0.400  1.415
  0.440  1.458
  0.460  1.481
  0.480  1.504
  0.500  1.527
  0.520  1.551
  0.530  1.563
  0.550  1.588
  0.560  1.600
  0.570  1.613
  0.580  1.626
  0.590  1.639
  0.600  1.652
  0.620  1.678
  0.630  1.692
  0.640  1.705
  0.660  1.733
  0.670  1.747
  0.680  1.761
  0.690  1.775
  0.700  1.790
  0.710  1.804
  0.720  1.819
  0.730  1.834
  0.740  1.849
  0.750  1.864
  0.790  1.925
  0.800  1.941
  0.810  1.957
  0.820  1.973
  0.830  1.989
  0.840  2.005
  0.870  2.054
  0.880  2.071
  0.890  2.088
  0.900  2.105
  0.910  2.122
  0.970  2.228
  0.990  2.264
  1.000  2.282
  1.010  2.301
  1.040  2.357
  1.090  2.453
  1.110  2.493
  1.120  2.513
  1.130  2.533
  0.219  0.524  1.763  2.000  2.590  0.424
  0.010  1.105
  0.090  1.149
  0.110  1.161
  0.140  1.180
  0.170  1.201
  0.190  1.215
  0.210  1.229
  0.230  1.245
  0.260  1.268
  0.280  1.285
  0.300  1.301
  0.320  1.319
  0.340  1.337
  0.360  1.355
  0.380  1.374
  0.400  1.393
  0.440  1.433
  0.460  1.454
  0.480  1.475
  0.500  1.497
  0.520  1.519
  0.530  1.530
  0.550  1.553
  0.560  1.565
  0.570  1.576
  0.580  1.588
  0.590  1.600
  0.600  1.612
  0.620  1.637
  0.630  1.650
  0.640  1.662
  0.660  1.688
  0.670  1.701
  0.680  1.714
  0.690  1.727
  0.700  1.741
  0.710  1.754
  0.720  1.768
  0.730  1.781
  0.740  1.795
  0.750  1.809
  0.790  1.866
  0.800  1.881
  0.810  1.896
  0.820  1.910
  0.830  1.925
  0.840  1.940
  0.870  1.986
  0.880  2.002
  0.890  2.018
  0.900  2.033
  0.910  2.049
  0.970  2.147
  0.990  2.181
  1.000  2.198
  1.010  2.215
  1.040  2.267
  1.090  2.357
  1.110  2.393
  1.120  2.412
  1.130  2.430
  0.221  0.487  1.761  2.000  2.590  0.424
  0.010  1.105
  0.090  1.148
  0.110  1.160
  0.140  1.179
  0.170  1.199
  0.190  1.213
  0.210  1.228
  0.230  1.243
  0.260  1.266
  0.280  1.282
  0.300  1.299
  0.320  1.316
  0.340  1.333
  0.360  1.351
  0.380  1.370
  0.400  1.389
  0.440  1.428
  0.460  1.449
  0.480  1.470
  0.500  1.491
  0.520  1.513
  0.530  1.524
  0.550  1.547
  0.560  1.558
  0.570  1.570
  0.580  1.582
  0.590  1.593
  0.600  1.605
  0.620  1.630
  0.630  1.642
  0.640  1.654
  0.660  1.680
  0.670  1.693
  0.680  1.705
  0.690  1.719
  0.700  1.732
  0.710  1.745
  0.720  1.758
  0.730  1.772
  0.740  1.786
  0.750  1.799
  0.790  1.856
  0.800  1.870
  0.810  1.885
  0.820  1.899
  0.830  1.914
  0.840  1.929
  0.870  1.974
  0.880  1.989
  0.890  2.005
  0.900  2.020
  0.910  2.036
  0.970  2.133
  0.990  2.166
  1.000  2.183
  1.010  2.200
  1.040  2.251
  1.090  2.339
  1.110  2.375
  1.120  2.394
  1.130  2.412
  0.222  0.464  1.759  2.000  2.590  0.424
  0.010  1.105
  0.090  1.148
  0.110  1.160
  0.140  1.179
  0.170  1.198
  0.190  1.212
  0.210  1.227
  0.230  1.241
  0.260  1.264
  0.280  1.280
  0.300  1.297
  0.320  1.314
  0.340  1.331
  0.360  1.349
  0.380  1.368
  0.400  1.386
  0.440  1.426
  0.460  1.446
  0.480  1.467
  0.500  1.488
  0.520  1.509
  0.530  1.521
  0.550  1.543
  0.560  1.554
  0.570  1.566
  0.580  1.577
  0.590  1.589
  0.600  1.601
  0.620  1.625
  0.630  1.637
  0.640  1.650
  0.660  1.675
  0.670  1.688
  0.680  1.700
  0.690  1.713
  0.700  1.726
  0.710  1.740
  0.720  1.753
  0.730  1.766
  0.740  1.780
  0.750  1.793
  0.790  1.849
  0.800  1.864
  0.810  1.878
  0.820  1.892
  0.830  1.907
  0.840  1.922
  0.870  1.967
  0.880  1.982
  0.890  1.997
  0.900  2.013
  0.910  2.028
  0.970  2.124
  0.990  2.157
  1.000  2.174
  1.010  2.190
  1.040  2.241
  1.090  2.329
  1.110  2.365
  1.120  2.383
  1.130  2.401
  0.222  0.453  1.759  2.000  2.590  0.424
  0.010  1.105
  0.090  1.148
  0.110  1.159
  0.140  1.178
  0.170  1.198
  0.190  1.212
  0.210  1.226
  0.230  1.241
  0.260  1.264
  0.280  1.280
  0.300  1.296
  0.320  1.313
  0.340  1.330
  0.360  1.348
  0.380  1.366
  0.400  1.385
  0.440  1.424
  0.460  1.444
  0.480  1.465
  0.500  1.486
  0.520  1.508
  0.530  1.519
  0.550  1.541
  0.560  1.552
  0.570  1.564
  0.580  1.575
  0.590  1.587
  0.600  1.599
  0.620  1.623
  0.630  1.635
  0.640  1.647
  0.660  1.672
  0.670  1.685
  0.680  1.698
  0.690  1.710
  0.700  1.723
  0.710  1.737
  0.720  1.750
  0.730  1.763
  0.740  1.777
  0.750  1.790
  0.790  1.846
  0.800  1.860
  0.810  1.874
  0.820  1.889
  0.830  1.903
  0.840  1.918
  0.870  1.963
  0.880  1.978
  0.890  1.993
  0.900  2.008
  0.910  2.024
  0.970  2.119
  0.990  2.152
  1.000  2.169
  1.010  2.185
  1.040  2.236
  1.090  2.323
  1.110  2.359
  1.120  2.377
  1.130  2.395
  0.223  0.440  1.758  2.000  2.590  0.424
  0.010  1.105
  0.090  1.147
  0.110  1.159
  0.140  1.178
  0.170  1.197
  0.190  1.211
  0.210  1.225
  0.230  1.240
  0.260  1.263
  0.280  1.279
  0.300  1.295
  0.320  1.312
  0.340  1.329
  0.360  1.347
  0.380  1.365
  0.400  1.384
  0.440  1.422
  0.460  1.443
  0.480  1.463
  0.500  1.484
  0.520  1.506
  0.530  1.517
  0.550  1.539
  0.560  1.550
  0.570  1.561
  0.580  1.573
  0.590  1.585
  0.600  1.596
  0.620  1.620
  0.630  1.632
  0.640  1.645
  0.660  1.669
  0.670  1.682
  0.680  1.695
  0.690  1.707
  0.700  1.720
  0.710  1.733
  0.720  1.747
  0.730  1.760
  0.740  1.773
  0.750  1.787
  0.790  1.842
  0.800  1.856
  0.810  1.871
  0.820  1.885
  0.830  1.899
  0.840  1.914
  0.870  1.958
  0.880  1.974
  0.890  1.989
  0.900  2.004
  0.910  2.019
  0.970  2.114
  0.990  2.147
  1.000  2.164
  1.010  2.180
  1.040  2.231
  1.090  2.317
  1.110  2.353
  1.120  2.371
  1.130  2.389
  0.223  0.427  1.757  2.000  2.590  0.424
  0.010  1.105
  0.090  1.147
  0.110  1.159
  0.140  1.177
  0.170  1.197
  0.190  1.211
  0.210  1.225
  0.230  1.239
  0.260  1.262
  0.280  1.278
  0.300  1.294
  0.320  1.311
  0.340  1.328
  0.360  1.346
  0.380  1.364
  0.400  1.382
  0.440  1.421
  0.460  1.441
  0.480  1.462
  0.500  1.483
  0.520  1.504
  0.530  1.515
  0.550  1.537
  0.560  1.548
  0.570  1.560
  0.580  1.571
  0.590  1.583
  0.600  1.594
  0.620  1.618
  0.630  1.630
  0.640  1.642
  0.660  1.667
  0.670  1.680
  0.680  1.692
  0.690  1.705
  0.700  1.718
  0.710  1.731
  0.720  1.744
  0.730  1.757
  0.740  1.771
  0.750  1.784
  0.790  1.839
  0.800  1.853
  0.810  1.867
  0.820  1.882
  0.830  1.896
  0.840  1.911
  0.870  1.955
  0.880  1.970
  0.890  1.985
  0.900  2.000
  0.910  2.016
  0.970  2.110
  0.990  2.143
  1.000  2.159
  1.010  2.176
  1.040  2.226
  1.090  2.312
  1.110  2.347
  1.120  2.365
  1.130  2.383
  0.230  0.258  1.746  2.000  2.590  0.424
  0.010  1.104
  0.090  1.143
  0.110  1.154
  0.140  1.170
  0.170  1.188
  0.190  1.201
  0.210  1.214
  0.230  1.227
  0.260  1.247
  0.280  1.262
  0.300  1.277
  0.320  1.292
  0.340  1.307
  0.360  1.323
  0.380  1.340
  0.400  1.357
  0.440  1.392
  0.460  1.410
  0.480  1.429
  0.500  1.448
  0.520  1.467
  0.530  1.477
  0.550  1.497
  0.560  1.508
  0.570  1.518
  0.580  1.528
  0.590  1.539
  0.600  1.549
  0.620  1.571
  0.630  1.582
  0.640  1.593
  0.660  1.616
  0.670  1.627
  0.680  1.638
  0.690  1.650
  0.700  1.662
  0.710  1.674
  0.720  1.686
  0.730  1.698
  0.740  1.710
  0.750  1.722
  0.790  1.772
  0.800  1.785
  0.810  1.798
  0.820  1.811
  0.830  1.824
  0.840  1.837
  0.870  1.877
  0.880  1.891
  0.890  1.905
  0.900  1.919
  0.910  1.933
  0.970  2.019
  0.990  2.048
  1.000  2.063
  1.010  2.078
  1.040  2.124
  1.090  2.202
  1.110  2.234
  1.120  2.250
  1.130  2.267
  0.248  0.041  1.590  2.000  2.590  0.424
  0.010  1.104
  0.090  1.140
  0.110  1.150
  0.140  1.165
  0.170  1.182
  0.190  1.193
  0.210  1.205
  0.230  1.217
  0.260  1.237
  0.280  1.250
  0.300  1.264
  0.320  1.278
  0.340  1.292
  0.360  1.307
  0.380  1.322
  0.400  1.338
  0.440  1.370
  0.460  1.387
  0.480  1.404
  0.500  1.422
  0.520  1.440
  0.530  1.449
  0.550  1.468
  0.560  1.477
  0.570  1.487
  0.580  1.497
  0.590  1.506
  0.600  1.516
  0.620  1.536
  0.630  1.546
  0.640  1.557
  0.660  1.577
  0.670  1.588
  0.680  1.599
  0.690  1.609
  0.700  1.620
  0.710  1.631
  0.720  1.642
  0.730  1.653
  0.740  1.665
  0.750  1.676
  0.790  1.722
  0.800  1.734
  0.810  1.746
  0.820  1.758
  0.830  1.770
  0.840  1.783
  0.870  1.820
  0.880  1.833
  0.890  1.845
  0.900  1.858
  0.910  1.871
  0.970  1.951
  0.990  1.978
  1.000  1.992
  1.010  2.006
  1.040  2.048
  1.090  2.121
  1.110  2.150
  1.120  2.165
  1.130  2.181
  0.249  0.039  1.580  2.000  2.590  0.424
  0.010  1.104
  0.090  1.139
  0.110  1.149
  0.140  1.165
  0.170  1.181
  0.190  1.193
  0.210  1.205
  0.230  1.217
  0.260  1.236
  0.280  1.249
  0.300  1.263
  0.320  1.277
  0.340  1.291
  0.360  1.306
  0.380  1.321
  0.400  1.337
  0.440  1.369
  0.460  1.386
  0.480  1.403
  0.500  1.420
  0.520  1.438
  0.530  1.447
  0.550  1.466
  0.560  1.475
  0.570  1.485
  0.580  1.495
  0.590  1.504
  0.600  1.514
  0.620  1.534
  0.630  1.544
  0.640  1.554
  0.660  1.575
  0.670  1.585
  0.680  1.596
  0.690  1.607
  0.700  1.618
  0.710  1.628
  0.720  1.639
  0.730  1.651
  0.740  1.662
  0.750  1.673
  0.790  1.719
  0.800  1.731
  0.810  1.743
  0.820  1.755
  0.830  1.767
  0.840  1.779
  0.870  1.816
  0.880  1.829
  0.890  1.841
  0.900  1.854
  0.910  1.867
  0.970  1.946
  0.990  1.973
  1.000  1.987
  1.010  2.001
  1.040  2.043
  1.090  2.115
  1.110  2.145
  1.120  2.160
  1.130  2.175
  0.249  0.037  1.572  2.000  2.590  0.424
  0.010  1.104
  0.090  1.139
  0.110  1.149
  0.140  1.165
  0.170  1.181
  0.190  1.192
  0.210  1.204
  0.230  1.216
  0.260  1.235
  0.280  1.248
  0.300  1.262
  0.320  1.276
  0.340  1.290
  0.360  1.305
  0.380  1.320
  0.400  1.336
  0.440  1.368
  0.460  1.384
  0.480  1.401
  0.500  1.419
  0.520  1.437
  0.530  1.446
  0.550  1.464
  0.560  1.474
  0.570  1.483
  0.580  1.493
  0.590  1.502
  0.600  1.512
  0.620  1.532
  0.630  1.542
  0.640  1.552
  0.660  1.573
  0.670  1.583
  0.680  1.594
  0.690  1.604
  0.700  1.615
  0.710  1.626
  0.720  1.637
  0.730  1.648
  0.740  1.659
  0.750  1.670
  0.790  1.716
  0.800  1.728
  0.810  1.740
  0.820  1.752
  0.830  1.764
  0.840  1.776
  0.870  1.813
  0.880  1.825
  0.890  1.838
  0.900  1.851
  0.910  1.863
  0.970  1.942
  0.990  1.969
  1.000  1.983
  1.010  1.997
  1.040  2.039
  1.090  2.111
  1.110  2.140
  1.120  2.155
  1.130  2.170
  0.250  0.035  1.563  2.000  2.590  0.424
  0.010  1.104
  0.090  1.139
  0.110  1.149
  0.140  1.164
  0.170  1.181
  0.190  1.192
  0.210  1.204
  0.230  1.216
  0.260  1.235
  0.280  1.248
  0.300  1.261
  0.320  1.275
  0.340  1.289
  0.360  1.304
  0.380  1.319
  0.400  1.334
  0.440  1.367
  0.460  1.383
  0.480  1.400
  0.500  1.417
  0.520  1.435
  0.530  1.444
  0.550  1.463
  0.560  1.472
  0.570  1.481
  0.580  1.491
  0.590  1.501
  0.600  1.510
  0.620  1.530
  0.630  1.540
  0.640  1.550
  0.660  1.571
  0.670  1.581
  0.680  1.592
  0.690  1.602
  0.700  1.613
  0.710  1.624
  0.720  1.635
  0.730  1.646
  0.740  1.657
  0.750  1.668
  0.790  1.713
  0.800  1.725
  0.810  1.737
  0.820  1.749
  0.830  1.761
  0.840  1.773
  0.870  1.810
  0.880  1.822
  0.890  1.835
  0.900  1.847
  0.910  1.860
  0.970  1.938
  0.990  1.965
  1.000  1.979
  1.010  1.993
  1.040  2.035
  1.090  2.106
  1.110  2.135
  1.120  2.150
  1.130  2.165
  0.251  0.034  1.555  2.000  2.590  0.424
  0.010  1.104
  0.090  1.139
  0.110  1.149
  0.140  1.164
  0.170  1.181
  0.190  1.192
  0.210  1.204
  0.230  1.216
  0.260  1.235
  0.280  1.248
  0.300  1.261
  0.320  1.275
  0.340  1.289
  0.360  1.304
  0.380  1.319
  0.400  1.335
  0.440  1.367
  0.460  1.383
  0.480  1.400
  0.500  1.418
  0.520  1.435
  0.530  1.444
  0.550  1.463
  0.560  1.472
  0.570  1.482
  0.580  1.491
  0.590  1.501
  0.600  1.510
  0.620  1.530
  0.630  1.540
  0.640  1.550
  0.660  1.571
  0.670  1.581
  0.680  1.592
  0.690  1.602
  0.700  1.613
  0.710  1.624
  0.720  1.635
  0.730  1.646
  0.740  1.657
  0.750  1.668
  0.790  1.714
  0.800  1.725
  0.810  1.737
  0.820  1.749
  0.830  1.761
  0.840  1.773
  0.870  1.810
  0.880  1.822
  0.890  1.835
  0.900  1.848
  0.910  1.860
  0.970  1.939
  0.990  1.966
  1.000  1.979
  1.010  1.993
  1.040  2.035
  1.090  2.106
  1.110  2.136
  1.120  2.151
  1.130  2.165
  0.275  0.000  1.313  2.000  2.590  0.424
  0.010  1.104
  0.090  1.139
  0.110  1.149
  0.140  1.164
  0.170  1.181
  0.190  1.192
  0.210  1.204
  0.230  1.216
  0.260  1.235
  0.280  1.248
  0.300  1.261
  0.320  1.275
  0.340  1.289
  0.360  1.304
  0.380  1.319
  0.400  1.335
  0.440  1.367
  0.460  1.383
  0.480  1.400
  0.500  1.418
  0.520  1.436
  0.530  1.445
  0.550  1.463
  0.560  1.472
  0.570  1.482
  0.580  1.491
  0.590  1.501
  0.600  1.511
  0.620  1.530
  0.630  1.540
  0.640  1.550
  0.660  1.571
  0.670  1.581
  0.680  1.592
  0.690  1.603
  0.700  1.613
  0.710  1.624
  0.720  1.635
  0.730  1.646
  0.740  1.657
  0.750  1.668
  0.790  1.714
  0.800  1.726
  0.810  1.737
  0.820  1.749
  0.830  1.761
  0.840  1.773
  0.870  1.810
  0.880  1.823
  0.890  1.835
  0.900  1.848
  0.910  1.861
  0.970  1.939
  0.990  1.966
  1.000  1.980
  1.010  1.994
  1.040  2.035
  1.090  2.107
  1.110  2.136
  1.120  2.151
  1.130  2.166
  0.330  0.027  1.223  2.000  2.590  0.424
  0.010  1.104
  0.090  1.140
  0.110  1.150
  0.140  1.166
  0.170  1.182
  0.190  1.194
  0.210  1.206
  0.230  1.218
  0.260  1.237
  0.280  1.251
  0.300  1.264
  0.320  1.279
  0.340  1.293
  0.360  1.308
  0.380  1.323
  0.400  1.339
  0.440  1.372
  0.460  1.389
  0.480  1.406
  0.500  1.424
  0.520  1.442
  0.530  1.451
  0.550  1.470
  0.560  1.479
  0.570  1.489
  0.580  1.499
  0.590  1.508
  0.600  1.518
  0.620  1.538
  0.630  1.549
  0.640  1.559
  0.660  1.580
  0.670  1.591
  0.680  1.601
  0.690  1.612
  0.700  1.623
  0.710  1.634
  0.720  1.645
  0.730  1.656
  0.740  1.668
  0.750  1.679
  0.790  1.726
  0.800  1.737
  0.810  1.749
  0.820  1.762
  0.830  1.774
  0.840  1.786
  0.870  1.824
  0.880  1.836
  0.890  1.849
  0.900  1.862
  0.910  1.875
  0.970  1.955
  0.990  1.982
  1.000  1.996
  1.010  2.010
  1.040  2.053
  1.090  2.126
  1.110  2.156
  1.120  2.171
  1.130  2.186
  0.330  0.027  1.223  2.000  2.590  0.424
  0.010  1.104
  0.090  1.140
  0.110  1.150
  0.140  1.166
  0.170  1.182
  0.190  1.194
  0.210  1.206
  0.230  1.218
  0.260  1.238
  0.280  1.251
  0.300  1.265
  0.320  1.279
  0.340  1.293
  0.360  1.308
  0.380  1.324
  0.400  1.340
  0.440  1.372
  0.460  1.389
  0.480  1.407
  0.500  1.424
  0.520  1.443
  0.530  1.452
  0.550  1.471
  0.560  1.480
  0.570  1.490
  0.580  1.499
  0.590  1.509
  0.600  1.519
  0.620  1.539
  0.630  1.550
  0.640  1.560
  0.660  1.581
  0.670  1.591
  0.680  1.602
  0.690  1.613
  0.700  1.624
  0.710  1.635
  0.720  1.646
  0.730  1.657
  0.740  1.669
  0.750  1.680
  0.790  1.727
  0.800  1.739
  0.810  1.751
  0.820  1.763
  0.830  1.775
  0.840  1.787
  0.870  1.825
  0.880  1.838
  0.890  1.851
  0.900  1.863
  0.910  1.876
  0.970  1.957
  0.990  1.984
  1.000  1.998
  1.010  2.012
  1.040  2.055
  1.090  2.128
  1.110  2.158
  1.120  2.173
  1.130  2.188
  0.330  0.027  1.223  2.000  2.590  0.424
  0.010  1.104
  0.090  1.141
  0.110  1.151
  0.140  1.168
  0.170  1.185
  0.190  1.197
  0.210  1.209
  0.230  1.222
  0.260  1.242
  0.280  1.255
  0.300  1.269
  0.320  1.284
  0.340  1.299
  0.360  1.314
  0.380  1.330
  0.400  1.346
  0.440  1.380
  0.460  1.398
  0.480  1.415
  0.500  1.434
  0.520  1.452
  0.530  1.462
  0.550  1.481
  0.560  1.491
  0.570  1.501
  0.580  1.511
  0.590  1.521
  0.600  1.531
  0.620  1.552
  0.630  1.563
  0.640  1.573
  0.660  1.595
  0.670  1.606
  0.680  1.617
  0.690  1.628
  0.700  1.639
  0.710  1.650
  0.720  1.662
  0.730  1.673
  0.740  1.685
  0.750  1.697
  0.790  1.745
  0.800  1.757
  0.810  1.769
  0.820  1.782
  0.830  1.795
  0.840  1.807
  0.870  1.846
  0.880  1.859
  0.890  1.872
  0.900  1.885
  0.910  1.899
  0.970  1.981
  0.990  2.010
  1.000  2.024
  1.010  2.038
  1.040  2.082
  1.090  2.157
  1.110  2.188
  1.120  2.204
  1.130  2.219
  0.333  0.020  1.220  2.000  2.590  0.424
  0.010  1.104
  0.090  1.141
  0.110  1.151
  0.140  1.168
  0.170  1.185
  0.190  1.197
  0.210  1.209
  0.230  1.222
  0.260  1.242
  0.280  1.255
  0.300  1.270
  0.320  1.284
  0.340  1.299
  0.360  1.315
  0.380  1.330
  0.400  1.347
  0.440  1.380
  0.460  1.398
  0.480  1.416
  0.500  1.434
  0.520  1.453
  0.530  1.462
  0.550  1.481
  0.560  1.491
  0.570  1.501
  0.580  1.511
  0.590  1.521
  0.600  1.531
  0.620  1.552
  0.630  1.563
  0.640  1.573
  0.660  1.595
  0.670  1.606
  0.680  1.617
  0.690  1.628
  0.700  1.639
  0.710  1.651
  0.720  1.662
  0.730  1.674
  0.740  1.685
  0.750  1.697
  0.790  1.745
  0.800  1.757
  0.810  1.770
  0.820  1.782
  0.830  1.795
  0.840  1.808
  0.870  1.846
  0.880  1.859
  0.890  1.872
  0.900  1.886
  0.910  1.899
  0.970  1.982
  0.990  2.010
  1.000  2.024
  1.010  2.039
  1.040  2.083
  1.090  2.158
  1.110  2.189
  1.120  2.204
  1.130  2.220
  0.334  0.018  1.219  2.000  2.590  0.424
  0.010  1.104
  0.090  1.141
  0.110  1.151
  0.140  1.168
  0.170  1.185
  0.190  1.197
  0.210  1.209
  0.230  1.222
  0.260  1.242
  0.280  1.255
  0.300  1.270
  0.320  1.284
  0.340  1.299
  0.360  1.315
  0.380  1.330
  0.400  1.347
  0.440  1.380
  0.460  1.398
  0.480  1.416
  0.500  1.434
  0.520  1.453
  0.530  1.462
  0.550  1.481
  0.560  1.491
  0.570  1.501
  0.580  1.511
  0.590  1.521
  0.600  1.531
  0.620  1.552
  0.630  1.563
  0.640  1.573
  0.660  1.595
  0.670  1.606
  0.680  1.617
  0.690  1.628
  0.700  1.639
  0.710  1.651
  0.720  1.662
  0.730  1.674
  0.740  1.685
  0.750  1.697
  0.790  1.745
  0.800  1.757
  0.810  1.770
  0.820  1.782
  0.830  1.795
  0.840  1.808
  0.870  1.846
  0.880  1.859
  0.890  1.872
  0.900  1.886
  0.910  1.899
  0.970  1.982
  0.990  2.010
  1.000  2.024
  1.010  2.039
  1.040  2.083
  1.090  2.158
  1.110  2.189
  1.120  2.204
  1.130  2.220
  0.340  0.007  1.213  2.000  2.590  0.424
  0.010  1.104
  0.090  1.141
  0.110  1.151
  0.140  1.168
  0.170  1.185
  0.190  1.197
  0.210  1.209
  0.230  1.222
  0.260  1.242
  0.280  1.255
  0.300  1.270
  0.320  1.284
  0.340  1.299
  0.360  1.315
  0.380  1.330
  0.400  1.347
  0.440  1.380
  0.460  1.398
  0.480  1.416
  0.500  1.434
  0.520  1.453
  0.530  1.462
  0.550  1.481
  0.560  1.491
  0.570  1.501
  0.580  1.511
  0.590  1.521
  0.600  1.531
  0.620  1.552
  0.630  1.563
  0.640  1.573
  0.660  1.595
  0.670  1.606
  0.680  1.617
  0.690  1.628
  0.700  1.639
  0.710  1.651
  0.720  1.662
  0.730  1.674
  0.740  1.685
  0.750  1.697
  0.790  1.745
  0.800  1.757
  0.810  1.770
  0.820  1.782
  0.830  1.795
  0.840  1.808
  0.870  1.846
  0.880  1.859
  0.890  1.872
  0.900  1.886
  0.910  1.899
  0.970  1.982
  0.990  2.010
  1.000  2.024
  1.010  2.039
  1.040  2.083
  1.090  2.158
  1.110  2.189
  1.120  2.204
  1.130  2.220
