0.14000000   0.10000000   1.45100000   0.40000000   1.2250539   0.36000000   
0.00000000   1.28940000      
0.20000000   2.27520000      
0.40000000   3.26100000      
0.60000000   1.58360000      
0.15400000   0.12000000   1.48150000   0.40000000   1.41719344   0.36000000   
0.00000000   1.28990000      
0.20000000   2.27360000      
0.40000000   3.25730000      
0.60000000   1.59270000      
0.17100000   0.14000000   1.51990000   0.40000000   1.64028764   0.36000000   
0.00000000   1.29050000      
0.20000000   2.27210000      
0.40000000   3.25360000      
0.60000000   1.60180000      
0.19200000   0.12000000   1.59050000   0.40000000   1.89492522   0.36000000   
0.00000000   1.29110000      
0.20000000   2.27050000      
0.40000000   3.25000000      
0.60000000   1.61090000      
0.22000000   0.05000000   1.76500000   0.40000000   2.22564384   0.15000000   
0.00000000   1.29230000      
0.20000000   2.26750000      
0.40000000   3.24260000      
0.60000000   1.62900000      
0.25600000   0.05000000   1.76880000   0.40000000   2.16821699   0.13000000   
0.00000000   1.29280000      
0.20000000   2.26590000      
0.40000000   3.23900000      
0.60000000   1.63810000      
0.30800000   0.05000000   1.75410000   0.40000000   2.06127458   0.07000000   
0.00000000   1.29340000      
0.20000000   2.26440000      
0.40000000   3.23530000      
0.60000000   1.64710000      
0.51300000   0.05000000   1.82490000   0.40000000   1.62853073   0.02000000   
0.00000000   1.29400000      
0.20000000   2.26280000      
0.40000000   3.23170000      
0.60000000   1.65620000      
