       0.00  0.0000E+00
       7.58  0.0000E+00
      15.16  0.5720E-06
      22.75  0.2044E-05
      30.33  0.6436E-05
      37.91  0.6926E-05
      45.49  0.6236E-05
      53.07  0.5353E-05
      60.65  0.4553E-05
      68.24  0.3881E-05
      75.82  0.3319E-05
      83.40  0.2839E-05
      90.98  0.2413E-05
      98.56  0.2022E-05
     106.14  0.1655E-05
     113.73  0.1308E-05
     121.31  0.9850E-06
     128.89  0.7013E-06
     136.47  0.4975E-06
     144.05  0.4200E-06
     151.63  0.3764E-06
     159.22  0.3002E-06
     166.80  0.2747E-06
     174.38  0.4312E-06
     181.96  0.4115E-06
     189.54  0.4031E-06
     197.12  0.3977E-06
     204.71  0.3932E-06
     212.29  0.3891E-06
     219.87  0.3852E-06
     227.45  0.3814E-06
     235.03  0.3779E-06
     242.61  0.3745E-06
     250.20  0.3714E-06
     257.78  0.3686E-06
     265.36  0.3661E-06
     272.94  0.3639E-06
     280.52  0.3620E-06
     288.10  0.3606E-06
     295.69  0.3595E-06
     303.27  0.3587E-06
     310.85  0.3584E-06
     318.43  0.3584E-06
     326.01  0.3588E-06
     333.60  0.3597E-06
     341.18  0.3608E-06
     348.76  0.3622E-06
     356.34  0.3642E-06
     363.92  0.3663E-06
     371.50  0.3686E-06
     379.09  0.3713E-06
     386.67  0.3742E-06
     394.25  0.3770E-06
     401.83  0.3802E-06
     409.41  0.3836E-06
     416.99  0.3869E-06
     424.58  0.3901E-06
     432.16  0.3934E-06
     439.74  0.3966E-06
     447.32  0.3996E-06
     454.90  0.4026E-06
     462.48  0.4054E-06
     470.07  0.4079E-06
     477.65  0.4102E-06
     485.23  0.4122E-06
     492.81  0.4138E-06
     500.39  0.4152E-06
     507.97  0.4161E-06
     515.56  0.4166E-06
     523.14  0.4167E-06
     530.72  0.4164E-06
     538.30  0.4156E-06
     545.88  0.4143E-06
     553.46  0.4125E-06
     561.05  0.4102E-06
     568.63  0.4074E-06
     576.21  0.4040E-06
     583.79  0.4002E-06
     591.37  0.3958E-06
     598.95  0.3909E-06
     606.54  0.3856E-06
     614.12  0.3796E-06
     621.70  0.3732E-06
     629.28  0.3665E-06
     636.86  0.3592E-06
     644.45  0.3516E-06
     652.03  0.3437E-06
     659.61  0.3353E-06
     667.19  0.3268E-06
     674.77  0.3182E-06
     682.35  0.3093E-06
     689.94  0.3005E-06
     697.52  0.2919E-06
     705.10  0.2832E-06
     712.68  0.2749E-06
     720.26  0.2671E-06
     727.84  0.2598E-06
     735.43  0.2532E-06
     743.01  0.2475E-06
     750.59  0.2428E-06
     758.17  0.2392E-06
     765.75  0.2368E-06
     773.33  0.2359E-06
     780.92  0.2364E-06
     788.50  0.2381E-06
     796.08  0.2414E-06
     803.66  0.2462E-06
     811.24  0.2522E-06
     818.82  0.2593E-06
     826.41  0.2680E-06
     833.99  0.2781E-06
     841.57  0.2905E-06
     849.15  0.3082E-06
     856.73  0.3293E-06
     864.31  0.3490E-06
     871.90  0.3636E-06
     879.48  0.3758E-06
     887.06  0.3869E-06
     894.64  0.3974E-06
     902.22  0.4074E-06
     909.81  0.4166E-06
     917.39  0.4250E-06
     924.97  0.4326E-06
     932.55  0.4394E-06
     940.13  0.4452E-06
     947.71  0.4499E-06
     955.30  0.4535E-06
     962.88  0.4560E-06
     970.46  0.4572E-06
     978.04  0.4572E-06
     985.62  0.4560E-06
     993.20  0.4534E-06
    1000.79  0.4495E-06
    1008.37  0.4441E-06
    1015.95  0.4374E-06
    1023.53  0.4294E-06
    1031.11  0.4198E-06
    1038.69  0.4087E-06
    1046.28  0.3963E-06
    1053.86  0.3826E-06
    1061.44  0.3678E-06
    1069.02  0.3514E-06
    1076.60  0.3334E-06
    1084.18  0.3145E-06
    1091.77  0.2947E-06
    1099.35  0.2736E-06
    1106.93  0.2511E-06
    1114.51  0.2282E-06
    1122.09  0.2048E-06
    1129.67  0.1813E-06
    1137.26  0.1576E-06
    1144.84  0.1345E-06
    1152.42  0.1137E-06
    1160.00  0.9717E-07
    1167.58  0.8779E-07
    1175.16  0.8848E-07
    1182.75  0.9983E-07
    1190.33  0.1187E-06
    1197.91  0.1418E-06
    1205.49  0.1681E-06
    1213.07  0.1964E-06
    1220.66  0.2252E-06
    1228.24  0.2540E-06
    1235.82  0.2825E-06
    1243.40  0.3112E-06
    1250.98  0.3398E-06
    1258.56  0.3674E-06
    1266.15  0.3939E-06
    1273.73  0.4191E-06
    1281.31  0.4435E-06
    1288.89  0.4668E-06
    1296.47  0.4883E-06
    1304.05  0.5080E-06
    1311.64  0.5260E-06
    1319.22  0.5422E-06
    1326.80  0.5558E-06
    1334.38  0.5666E-06
    1341.96  0.5734E-06
    1349.54  0.5744E-06
    1357.13  0.5648E-06
    1364.71  0.5354E-06
    1372.29  0.4655E-06
    1379.87  0.3674E-06
    1387.45  0.3163E-06
    1395.03  0.2977E-06
    1402.62  0.2936E-06
    1410.20  0.2965E-06
    1417.78  0.3029E-06
    1425.36  0.3105E-06
    1432.94  0.3191E-06
    1440.52  0.3281E-06
    1448.11  0.3364E-06
    1455.69  0.3437E-06
    1463.27  0.3484E-06
    1470.85  0.3467E-06
    1478.43  0.3336E-06
    1486.01  0.2991E-06
    1493.60  0.2260E-06
    1501.18  0.1135E-06
    1508.76  0.0000E+00
       0.00  0.0000E+00
       7.58  0.0000E+00
      15.16  0.6170E-06
      22.75  0.2140E-05
      30.33  0.6597E-05
      37.91  0.7164E-05
      45.49  0.6551E-05
      53.07  0.5731E-05
      60.65  0.4962E-05
      68.24  0.4283E-05
      75.82  0.3673E-05
      83.40  0.3107E-05
      90.98  0.2569E-05
      98.56  0.2051E-05
     106.14  0.1559E-05
     113.73  0.1116E-05
     121.31  0.7892E-06
     128.89  0.7043E-06
     136.47  0.8506E-06
     144.05  0.9739E-06
     151.63  0.6943E-06
     159.22  0.2287E-06
     166.80  0.3632E-06
     174.38  0.7827E-06
     181.96  0.9443E-06
     189.54  0.1016E-05
     197.12  0.1058E-05
     204.71  0.1088E-05
     212.29  0.1113E-05
     219.87  0.1136E-05
     227.45  0.1155E-05
     235.03  0.1172E-05
     242.61  0.1186E-05
     250.20  0.1196E-05
     257.78  0.1204E-05
     265.36  0.1207E-05
     272.94  0.1207E-05
     280.52  0.1203E-05
     288.10  0.1196E-05
     295.69  0.1184E-05
     303.27  0.1169E-05
     310.85  0.1150E-05
     318.43  0.1128E-05
     326.01  0.1103E-05
     333.60  0.1074E-05
     341.18  0.1043E-05
     348.76  0.1009E-05
     356.34  0.9740E-06
     363.92  0.9378E-06
     371.50  0.9015E-06
     379.09  0.8652E-06
     386.67  0.8306E-06
     394.25  0.7988E-06
     401.83  0.7705E-06
     409.41  0.7471E-06
     416.99  0.7300E-06
     424.58  0.7201E-06
     432.16  0.7183E-06
     439.74  0.7247E-06
     447.32  0.7391E-06
     454.90  0.7614E-06
     462.48  0.7902E-06
     470.07  0.8243E-06
     477.65  0.8633E-06
     485.23  0.9052E-06
     492.81  0.9486E-06
     500.39  0.9935E-06
     507.97  0.1038E-05
     515.56  0.1081E-05
     523.14  0.1123E-05
     530.72  0.1162E-05
     538.30  0.1197E-05
     545.88  0.1229E-05
     553.46  0.1257E-05
     561.05  0.1279E-05
     568.63  0.1297E-05
     576.21  0.1310E-05
     583.79  0.1316E-05
     591.37  0.1317E-05
     598.95  0.1311E-05
     606.54  0.1300E-05
     614.12  0.1282E-05
     621.70  0.1259E-05
     629.28  0.1229E-05
     636.86  0.1194E-05
     644.45  0.1153E-05
     652.03  0.1107E-05
     659.61  0.1056E-05
     667.19  0.1002E-05
     674.77  0.9452E-06
     682.35  0.8858E-06
     689.94  0.8263E-06
     697.52  0.7684E-06
     705.10  0.7136E-06
     712.68  0.6655E-06
     720.26  0.6275E-06
     727.84  0.6024E-06
     735.43  0.5936E-06
     743.01  0.6025E-06
     750.59  0.6289E-06
     758.17  0.6704E-06
     765.75  0.7236E-06
     773.33  0.7863E-06
     780.92  0.8544E-06
     788.50  0.9251E-06
     796.08  0.9975E-06
     803.66  0.1070E-05
     811.24  0.1139E-05
     818.82  0.1204E-05
     826.41  0.1265E-05
     833.99  0.1318E-05
     841.57  0.1363E-05
     849.15  0.1398E-05
     856.73  0.1393E-05
     864.31  0.1307E-05
     871.90  0.1334E-05
     879.48  0.1346E-05
     887.06  0.1340E-05
     894.64  0.1319E-05
     902.22  0.1286E-05
     909.81  0.1244E-05
     917.39  0.1193E-05
     924.97  0.1133E-05
     932.55  0.1065E-05
     940.13  0.9918E-06
     947.71  0.9131E-06
     955.30  0.8312E-06
     962.88  0.7473E-06
     970.46  0.6646E-06
     978.04  0.5887E-06
     985.62  0.5260E-06
     993.20  0.4849E-06
    1000.79  0.4732E-06
    1008.37  0.4953E-06
    1015.95  0.5473E-06
    1023.53  0.6207E-06
    1031.11  0.7087E-06
    1038.69  0.8050E-06
    1046.28  0.9041E-06
    1053.86  0.1003E-05
    1061.44  0.1098E-05
    1069.02  0.1189E-05
    1076.60  0.1275E-05
    1084.18  0.1352E-05
    1091.77  0.1419E-05
    1099.35  0.1478E-05
    1106.93  0.1525E-05
    1114.51  0.1560E-05
    1122.09  0.1583E-05
    1129.67  0.1592E-05
    1137.26  0.1588E-05
    1144.84  0.1571E-05
    1152.42  0.1539E-05
    1160.00  0.1493E-05
    1167.58  0.1434E-05
    1175.16  0.1362E-05
    1182.75  0.1275E-05
    1190.33  0.1177E-05
    1197.91  0.1068E-05
    1205.49  0.9473E-06
    1213.07  0.8173E-06
    1220.66  0.6815E-06
    1228.24  0.5433E-06
    1235.82  0.4104E-06
    1243.40  0.3000E-06
    1250.98  0.2579E-06
    1258.56  0.3191E-06
    1266.15  0.4435E-06
    1273.73  0.5911E-06
    1281.31  0.7472E-06
    1288.89  0.9048E-06
    1296.47  0.1058E-05
    1304.05  0.1204E-05
    1311.64  0.1342E-05
    1319.22  0.1469E-05
    1326.80  0.1583E-05
    1334.38  0.1678E-05
    1341.96  0.1752E-05
    1349.54  0.1796E-05
    1357.13  0.1793E-05
    1364.71  0.1706E-05
    1372.29  0.1461E-05
    1379.87  0.1190E-05
    1387.45  0.1006E-05
    1395.03  0.9325E-06
    1402.62  0.9064E-06
    1410.20  0.8998E-06
    1417.78  0.8999E-06
    1425.36  0.8998E-06
    1432.94  0.8971E-06
    1440.52  0.8899E-06
    1448.11  0.8749E-06
    1455.69  0.8510E-06
    1463.27  0.8145E-06
    1470.85  0.7578E-06
    1478.43  0.6715E-06
    1486.01  0.5365E-06
    1493.60  0.3166E-06
    1501.18  0.4710E-07
    1508.76  0.0000E+00
       0.00  0.0000E+00
       7.58  0.0000E+00
      15.16  0.8900E-06
      22.75  0.2515E-05
      30.33  0.6513E-05
      37.91  0.7318E-05
      45.49  0.7387E-05
      53.07  0.7456E-05
      60.65  0.7560E-05
      68.24  0.7587E-05
      75.82  0.7457E-05
      83.40  0.7147E-05
      90.98  0.6684E-05
      98.56  0.6134E-05
     106.14  0.5604E-05
     113.73  0.5232E-05
     121.31  0.5141E-05
     128.89  0.5337E-05
     136.47  0.5612E-05
     144.05  0.5384E-05
     151.63  0.3424E-05
     159.22  0.4246E-05
     166.80  0.5394E-05
     174.38  0.5685E-05
     181.96  0.6337E-05
     189.54  0.6958E-05
     197.12  0.7451E-05
     204.71  0.7769E-05
     212.29  0.7893E-05
     219.87  0.7813E-05
     227.45  0.7529E-05
     235.03  0.7045E-05
     242.61  0.6371E-05
     250.20  0.5527E-05
     257.78  0.4539E-05
     265.36  0.3439E-05
     272.94  0.2295E-05
     280.52  0.1309E-05
     288.10  0.1281E-05
     295.69  0.2276E-05
     303.27  0.3468E-05
     310.85  0.4644E-05
     318.43  0.5727E-05
     326.01  0.6673E-05
     333.60  0.7453E-05
     341.18  0.8035E-05
     348.76  0.8401E-05
     356.34  0.8537E-05
     363.92  0.8434E-05
     371.50  0.8095E-05
     379.09  0.7523E-05
     386.67  0.6735E-05
     394.25  0.5754E-05
     401.83  0.4609E-05
     409.41  0.3344E-05
     416.99  0.2055E-05
     424.58  0.1132E-05
     432.16  0.1686E-05
     439.74  0.2982E-05
     447.32  0.4347E-05
     454.90  0.5651E-05
     462.48  0.6836E-05
     470.07  0.7871E-05
     477.65  0.8719E-05
     485.23  0.9292E-05
     492.81  0.9556E-05
     500.39  0.9514E-05
     507.97  0.9177E-05
     515.56  0.8557E-05
     523.14  0.7668E-05
     530.72  0.6542E-05
     538.30  0.5217E-05
     545.88  0.3741E-05
     553.46  0.2228E-05
     561.05  0.1180E-05
     568.63  0.1982E-05
     576.21  0.3531E-05
     583.79  0.5110E-05
     591.37  0.6587E-05
     598.95  0.7885E-05
     606.54  0.8954E-05
     614.12  0.9755E-05
     621.70  0.1025E-04
     629.28  0.1043E-04
     636.86  0.1027E-04
     644.45  0.9777E-05
     652.03  0.8962E-05
     659.61  0.7845E-05
     667.19  0.6466E-05
     674.77  0.4876E-05
     682.35  0.3149E-05
     689.94  0.1527E-05
     697.52  0.1506E-05
     705.10  0.3167E-05
     712.68  0.4984E-05
     720.26  0.6703E-05
     727.84  0.8237E-05
     735.43  0.9516E-05
     743.01  0.1049E-04
     750.59  0.1111E-04
     758.17  0.1136E-04
     765.75  0.1122E-04
     773.33  0.1068E-04
     780.92  0.9765E-05
     788.50  0.8498E-05
     796.08  0.6920E-05
     803.66  0.5088E-05
     811.24  0.3106E-05
     818.82  0.1323E-05
     826.41  0.1934E-05
     833.99  0.3990E-05
     841.57  0.6119E-05
     849.15  0.8202E-05
     856.73  0.1013E-04
     864.31  0.1178E-04
     871.90  0.1285E-04
     879.48  0.1333E-04
     887.06  0.1325E-04
     894.64  0.1263E-04
     902.22  0.1148E-04
     909.81  0.9864E-05
     917.39  0.7837E-05
     924.97  0.5486E-05
     932.55  0.2960E-05
     940.13  0.1188E-05
     947.71  0.3123E-05
     955.30  0.5741E-05
     962.88  0.8234E-05
     970.46  0.1044E-04
     978.04  0.1224E-04
     985.62  0.1355E-04
     993.20  0.1431E-04
    1000.79  0.1447E-04
    1008.37  0.1402E-04
    1015.95  0.1296E-04
    1023.53  0.1133E-04
    1031.11  0.9196E-05
    1038.69  0.6645E-05
    1046.28  0.3823E-05
    1053.86  0.1255E-05
    1061.44  0.2826E-05
    1069.02  0.5789E-05
    1076.60  0.8629E-05
    1084.18  0.1114E-04
    1091.77  0.1319E-04
    1099.35  0.1468E-04
    1106.93  0.1552E-04
    1114.51  0.1567E-04
    1122.09  0.1511E-04
    1129.67  0.1384E-04
    1137.26  0.1192E-04
    1144.84  0.9425E-05
    1152.42  0.6469E-05
    1160.00  0.3235E-05
    1167.58  0.1149E-05
    1175.16  0.4153E-05
    1182.75  0.7537E-05
    1190.33  0.1070E-04
    1197.91  0.1351E-04
    1205.49  0.1565E-04
    1213.07  0.1699E-04
    1220.66  0.1748E-04
    1228.24  0.1710E-04
    1235.82  0.1588E-04
    1243.40  0.1385E-04
    1250.98  0.1109E-04
    1258.56  0.7759E-05
    1266.15  0.4027E-05
    1273.73  0.9629E-06
    1281.31  0.4327E-05
    1288.89  0.8221E-05
    1296.47  0.1178E-04
    1304.05  0.1480E-04
    1311.64  0.1710E-04
    1319.22  0.1854E-04
    1326.80  0.1904E-04
    1334.38  0.1854E-04
    1341.96  0.1708E-04
    1349.54  0.1470E-04
    1357.13  0.1157E-04
    1364.71  0.7925E-05
    1372.29  0.4138E-05
    1379.87  0.1273E-05
    1387.45  0.1207E-05
    1395.03  0.3472E-05
    1402.62  0.5818E-05
    1410.20  0.8158E-05
    1417.78  0.1044E-04
    1425.36  0.1259E-04
    1432.94  0.1454E-04
    1440.52  0.1620E-04
    1448.11  0.1750E-04
    1455.69  0.1833E-04
    1463.27  0.1860E-04
    1470.85  0.1820E-04
    1478.43  0.1700E-04
    1486.01  0.1484E-04
    1493.60  0.1142E-04
    1501.18  0.6344E-05
    1508.76  0.0000E+00
       0.00  0.0000E+00
       7.58  0.0000E+00
      15.16  0.1210E-05
      22.75  0.3090E-05
      30.33  0.7157E-05
      37.91  0.8432E-05
      45.49  0.9040E-05
      53.07  0.9482E-05
      60.65  0.9704E-05
      68.24  0.9596E-05
      75.82  0.9120E-05
      83.40  0.8304E-05
      90.98  0.7243E-05
      98.56  0.6115E-05
     106.14  0.5208E-05
     113.73  0.4909E-05
     121.31  0.5384E-05
     128.89  0.6320E-05
     136.47  0.7165E-05
     144.05  0.7509E-05
     151.63  0.1023E-04
     159.22  0.1154E-04
     166.80  0.1177E-04
     174.38  0.1132E-04
     181.96  0.1111E-04
     189.54  0.1061E-04
     197.12  0.9720E-05
     204.71  0.8430E-05
     212.29  0.6782E-05
     219.87  0.4837E-05
     227.45  0.2691E-05
     235.03  0.6935E-06
     242.61  0.2131E-05
     250.20  0.4364E-05
     257.78  0.6465E-05
     265.36  0.8320E-05
     272.94  0.9833E-05
     280.52  0.1093E-04
     288.10  0.1157E-04
     295.69  0.1171E-04
     303.27  0.1133E-04
     310.85  0.1045E-04
     318.43  0.9105E-05
     326.01  0.7342E-05
     333.60  0.5236E-05
     341.18  0.2895E-05
     348.76  0.6791E-06
     356.34  0.2334E-05
     363.92  0.4785E-05
     371.50  0.7081E-05
     379.09  0.9104E-05
     386.67  0.1076E-04
     394.25  0.1196E-04
     401.83  0.1262E-04
     409.41  0.1267E-04
     416.99  0.1210E-04
     424.58  0.1096E-04
     432.16  0.9289E-05
     439.74  0.7168E-05
     447.32  0.4694E-05
     454.90  0.1999E-05
     462.48  0.1051E-05
     470.07  0.3789E-05
     477.65  0.6466E-05
     485.23  0.8869E-05
     492.81  0.1087E-04
     500.39  0.1238E-04
     507.97  0.1330E-04
     515.56  0.1359E-04
     523.14  0.1322E-04
     530.72  0.1219E-04
     538.30  0.1056E-04
     545.88  0.8392E-05
     553.46  0.5787E-05
     561.05  0.2883E-05
     568.63  0.5489E-06
     576.21  0.3418E-05
     583.79  0.6387E-05
     591.37  0.9082E-05
     598.95  0.1135E-04
     606.54  0.1306E-04
     614.12  0.1414E-04
     621.70  0.1449E-04
     629.28  0.1411E-04
     636.86  0.1299E-04
     644.45  0.1119E-04
     652.03  0.8789E-05
     659.61  0.5898E-05
     667.19  0.2680E-05
     674.77  0.8928E-06
     682.35  0.4222E-05
     689.94  0.7463E-05
     697.52  0.1037E-04
     705.10  0.1280E-04
     712.68  0.1461E-04
     720.26  0.1560E-04
     727.84  0.1571E-04
     735.43  0.1495E-04
     743.01  0.1336E-04
     750.59  0.1101E-04
     758.17  0.8024E-05
     765.75  0.4567E-05
     773.33  0.8714E-06
     780.92  0.3082E-05
     788.50  0.6793E-05
     796.08  0.1018E-04
     803.66  0.1304E-04
     811.24  0.1519E-04
     818.82  0.1650E-04
     826.41  0.1689E-04
     833.99  0.1633E-04
     841.57  0.1484E-04
     849.15  0.1254E-04
     856.73  0.9422E-05
     864.31  0.5604E-05
     871.90  0.1305E-05
     879.48  0.3262E-05
     887.06  0.7620E-05
     894.64  0.1157E-04
     902.22  0.1483E-04
     909.81  0.1718E-04
     917.39  0.1847E-04
     924.97  0.1858E-04
     932.55  0.1750E-04
     940.13  0.1527E-04
     947.71  0.1202E-04
     955.30  0.7954E-05
     962.88  0.3315E-05
     970.46  0.1649E-05
     978.04  0.6528E-05
     985.62  0.1108E-04
     993.20  0.1501E-04
    1000.79  0.1800E-04
    1008.37  0.1973E-04
    1015.95  0.2011E-04
    1023.53  0.1911E-04
    1031.11  0.1680E-04
    1038.69  0.1331E-04
    1046.28  0.8865E-05
    1053.86  0.3761E-05
    1061.44  0.1696E-05
    1069.02  0.7064E-05
    1076.60  0.1202E-04
    1084.18  0.1620E-04
    1091.77  0.1928E-04
    1099.35  0.2104E-04
    1106.93  0.2133E-04
    1114.51  0.2010E-04
    1122.09  0.1741E-04
    1129.67  0.1344E-04
    1137.26  0.8449E-05
    1144.84  0.2776E-05
    1152.42  0.3186E-05
    1160.00  0.8972E-05
    1167.58  0.1417E-04
    1175.16  0.1840E-04
    1182.75  0.2131E-04
    1190.33  0.2267E-04
    1197.91  0.2235E-04
    1205.49  0.2033E-04
    1213.07  0.1675E-04
    1220.66  0.1185E-04
    1228.24  0.5966E-05
    1235.82  0.4835E-06
    1243.40  0.7004E-05
    1250.98  0.1317E-04
    1258.56  0.1838E-04
    1266.15  0.2213E-04
    1273.73  0.2414E-04
    1281.31  0.2427E-04
    1288.89  0.2246E-04
    1296.47  0.1883E-04
    1304.05  0.1366E-04
    1311.64  0.7308E-05
    1319.22  0.3369E-06
    1326.80  0.6862E-05
    1334.38  0.1351E-04
    1341.96  0.1909E-04
    1349.54  0.2306E-04
    1357.13  0.2492E-04
    1364.71  0.2414E-04
    1372.29  0.1998E-04
    1379.87  0.1492E-04
    1387.45  0.1052E-04
    1395.03  0.7001E-05
    1402.62  0.3657E-05
    1410.20  0.2627E-06
    1417.78  0.3241E-05
    1425.36  0.6778E-05
    1432.94  0.1023E-04
    1440.52  0.1343E-04
    1448.11  0.1623E-04
    1455.69  0.1843E-04
    1463.27  0.1985E-04
    1470.85  0.2030E-04
    1478.43  0.1961E-04
    1486.01  0.1759E-04
    1493.60  0.1401E-04
    1501.18  0.8562E-05
    1508.76  0.0000E+00
       0.00  0.0000E+00
       7.58  0.0000E+00
      15.16  0.2456E-05
      22.75  0.6101E-05
      30.33  0.1357E-04
      37.91  0.1733E-04
      45.49  0.1921E-04
      53.07  0.1968E-04
      60.65  0.1884E-04
      68.24  0.1661E-04
      75.82  0.1257E-04
      83.40  0.1064E-04
      90.98  0.8846E-05
      98.56  0.6093E-05
     106.14  0.6044E-05
     113.73  0.9196E-05
     121.31  0.1290E-04
     128.89  0.1607E-04
     136.47  0.1831E-04
     144.05  0.1956E-04
     151.63  0.2003E-04
     159.22  0.1857E-04
     166.80  0.1442E-04
     174.38  0.1082E-04
     181.96  0.7058E-05
     189.54  0.4436E-05
     197.12  0.5958E-05
     204.71  0.9745E-05
     212.29  0.1360E-04
     219.87  0.1686E-04
     227.45  0.1922E-04
     235.03  0.2047E-04
     242.61  0.2051E-04
     250.20  0.1932E-04
     257.78  0.1698E-04
     265.36  0.1365E-04
     272.94  0.9650E-05
     280.52  0.5719E-05
     288.10  0.4622E-05
     295.69  0.7964E-05
     303.27  0.1223E-04
     310.85  0.1611E-04
     318.43  0.1912E-04
     326.01  0.2101E-04
     333.60  0.2162E-04
     341.18  0.2090E-04
     348.76  0.1891E-04
     356.34  0.1576E-04
     363.92  0.1169E-04
     371.50  0.7222E-05
     379.09  0.4344E-05
     386.67  0.6907E-05
     394.25  0.1153E-04
     401.83  0.1594E-04
     409.41  0.1949E-04
     416.99  0.2185E-04
     424.58  0.2282E-04
     432.16  0.2230E-04
     439.74  0.2031E-04
     447.32  0.1700E-04
     454.90  0.1262E-04
     462.48  0.7716E-05
     470.07  0.4295E-05
     477.65  0.7002E-05
     485.23  0.1204E-04
     492.81  0.1679E-04
     500.39  0.2058E-04
     507.97  0.2304E-04
     515.56  0.2396E-04
     523.14  0.2323E-04
     530.72  0.2091E-04
     538.30  0.1715E-04
     545.88  0.1227E-04
     553.46  0.6958E-05
     561.05  0.4281E-05
     568.63  0.8440E-05
     576.21  0.1395E-04
     583.79  0.1884E-04
     591.37  0.2253E-04
     598.95  0.2469E-04
     606.54  0.2512E-04
     614.12  0.2381E-04
     621.70  0.2077E-04
     629.28  0.1622E-04
     636.86  0.1058E-04
     644.45  0.5067E-05
     652.03  0.5715E-05
     659.61  0.1159E-04
     667.19  0.1741E-04
     674.77  0.2216E-04
     682.35  0.2534E-04
     689.94  0.2667E-04
     697.52  0.2599E-04
     705.10  0.2333E-04
     712.68  0.1890E-04
     720.26  0.1309E-04
     727.84  0.6703E-05
     735.43  0.4489E-05
     743.01  0.1040E-04
     750.59  0.1689E-04
     758.17  0.2233E-04
     765.75  0.2614E-04
     773.33  0.2795E-04
     780.92  0.2756E-04
     788.50  0.2498E-04
     796.08  0.2040E-04
     803.66  0.1422E-04
     811.24  0.7237E-05
     818.82  0.4295E-05
     826.41  0.1077E-04
     833.99  0.1786E-04
     841.57  0.2386E-04
     849.15  0.2828E-04
     856.73  0.3054E-04
     864.31  0.3024E-04
     871.90  0.2694E-04
     879.48  0.2109E-04
     887.06  0.1334E-04
     894.64  0.5134E-05
     902.22  0.7051E-05
     909.81  0.1568E-04
     917.39  0.2344E-04
     924.97  0.2923E-04
     932.55  0.3243E-04
     940.13  0.3268E-04
     947.71  0.2991E-04
     955.30  0.2435E-04
     962.88  0.1653E-04
     970.46  0.7448E-05
     978.04  0.5039E-05
     985.62  0.1415E-04
     993.20  0.2283E-04
    1000.79  0.2954E-04
    1008.37  0.3353E-04
    1015.95  0.3435E-04
    1023.53  0.3187E-04
    1031.11  0.2629E-04
    1038.69  0.1814E-04
    1046.28  0.8399E-05
    1053.86  0.4531E-05
    1061.44  0.1434E-04
    1069.02  0.2371E-04
    1076.60  0.3098E-04
    1084.18  0.3536E-04
    1091.77  0.3621E-04
    1099.35  0.3338E-04
    1106.93  0.2711E-04
    1114.51  0.1806E-04
    1122.09  0.7312E-05
    1129.67  0.5807E-05
    1137.26  0.1685E-04
    1144.84  0.2669E-04
    1152.42  0.3392E-04
    1160.00  0.3772E-04
    1167.58  0.3761E-04
    1175.16  0.3355E-04
    1182.75  0.2591E-04
    1190.33  0.1548E-04
    1197.91  0.3906E-05
    1205.49  0.1001E-04
    1213.07  0.2169E-04
    1220.66  0.3129E-04
    1228.24  0.3764E-04
    1235.82  0.3997E-04
    1243.40  0.3795E-04
    1250.98  0.3174E-04
    1258.56  0.2196E-04
    1266.15  0.9733E-05
    1273.73  0.4581E-05
    1281.31  0.1753E-04
    1288.89  0.2911E-04
    1296.47  0.3756E-04
    1304.05  0.4179E-04
    1311.64  0.4127E-04
    1319.22  0.3601E-04
    1326.80  0.2656E-04
    1334.38  0.1399E-04
    1341.96  0.1501E-05
    1349.54  0.1456E-04
    1357.13  0.2651E-04
    1364.71  0.3405E-04
    1372.29  0.3427E-04
    1379.87  0.3017E-04
    1387.45  0.2545E-04
    1395.03  0.2191E-04
    1402.62  0.1816E-04
    1410.20  0.1367E-04
    1417.78  0.8330E-05
    1425.36  0.2301E-05
    1432.94  0.4448E-05
    1440.52  0.1112E-04
    1448.11  0.1750E-04
    1455.69  0.2310E-04
    1463.27  0.2742E-04
    1470.85  0.3000E-04
    1478.43  0.3040E-04
    1486.01  0.2826E-04
    1493.60  0.2327E-04
    1501.18  0.1511E-04
    1508.76  0.0000E+00
       0.00  0.0000E+00
       7.58  0.0000E+00
      15.16  0.6849E-06
      22.75  0.1296E-05
      30.33  0.3868E-05
      37.91  0.2826E-05
      45.49  0.1224E-05
      53.07  0.3407E-05
      60.65  0.6155E-05
      68.24  0.8467E-05
      75.82  0.1010E-04
      83.40  0.1095E-04
      90.98  0.1100E-04
      98.56  0.1035E-04
     106.14  0.9167E-05
     113.73  0.7945E-05
     121.31  0.7090E-05
     128.89  0.6403E-05
     136.47  0.6989E-05
     144.05  0.7973E-05
     151.63  0.7274E-05
     159.22  0.7577E-05
     166.80  0.9560E-05
     174.38  0.1114E-04
     181.96  0.1196E-04
     189.54  0.1189E-04
     197.12  0.1092E-04
     204.71  0.9168E-05
     212.29  0.6857E-05
     219.87  0.4532E-05
     227.45  0.3710E-05
     235.03  0.5427E-05
     242.61  0.7938E-05
     250.20  0.1018E-04
     257.78  0.1176E-04
     265.36  0.1245E-04
     272.94  0.1218E-04
     280.52  0.1096E-04
     288.10  0.8929E-05
     295.69  0.6411E-05
     303.27  0.4173E-05
     310.85  0.4065E-05
     318.43  0.6243E-05
     326.01  0.8838E-05
     333.60  0.1102E-04
     341.18  0.1242E-04
     348.76  0.1285E-04
     356.34  0.1224E-04
     363.92  0.1066E-04
     371.50  0.8289E-05
     379.09  0.5561E-05
     386.67  0.3737E-05
     394.25  0.4941E-05
     401.83  0.7702E-05
     409.41  0.1034E-04
     416.99  0.1228E-04
     424.58  0.1323E-04
     432.16  0.1308E-04
     439.74  0.1182E-04
     447.32  0.9597E-05
     454.90  0.6735E-05
     462.48  0.4104E-05
     470.07  0.4191E-05
     477.65  0.6937E-05
     485.23  0.9904E-05
     492.81  0.1223E-04
     500.39  0.1356E-04
     507.97  0.1372E-04
     515.56  0.1267E-04
     523.14  0.1053E-04
     530.72  0.7637E-05
     538.30  0.4696E-05
     545.88  0.3912E-05
     553.46  0.6476E-05
     561.05  0.9668E-05
     568.63  0.1230E-04
     576.21  0.1392E-04
     583.79  0.1430E-04
     591.37  0.1337E-04
     598.95  0.1122E-04
     606.54  0.8151E-05
     614.12  0.4848E-05
     621.70  0.3830E-05
     629.28  0.6664E-05
     636.86  0.1011E-04
     644.45  0.1289E-04
     652.03  0.1453E-04
     659.61  0.1480E-04
     667.19  0.1366E-04
     674.77  0.1122E-04
     682.35  0.7829E-05
     689.94  0.4365E-05
     697.52  0.4151E-05
     705.10  0.7605E-05
     712.68  0.1121E-04
     720.26  0.1391E-04
     727.84  0.1531E-04
     735.43  0.1520E-04
     743.01  0.1359E-04
     750.59  0.1071E-04
     758.17  0.6991E-05
     765.75  0.3735E-05
     773.33  0.5191E-05
     780.92  0.9205E-05
     788.50  0.1283E-04
     796.08  0.1528E-04
     803.66  0.1619E-04
     811.24  0.1542E-04
     818.82  0.1304E-04
     826.41  0.9345E-05
     833.99  0.5105E-05
     841.57  0.3782E-05
     849.15  0.7810E-05
     856.73  0.1228E-04
     864.31  0.1569E-04
     871.90  0.1730E-04
     879.48  0.1689E-04
     887.06  0.1453E-04
     894.64  0.1053E-04
     902.22  0.5680E-05
     909.81  0.3733E-05
     917.39  0.8144E-05
     924.97  0.1290E-04
     932.55  0.1637E-04
     940.13  0.1797E-04
     947.71  0.1748E-04
     955.30  0.1497E-04
     962.88  0.1068E-04
     970.46  0.5431E-05
     978.04  0.3893E-05
     985.62  0.8996E-05
     993.20  0.1403E-04
    1000.79  0.1754E-04
    1008.37  0.1892E-04
    1015.95  0.1796E-04
    1023.53  0.1475E-04
    1031.11  0.9760E-05
    1038.69  0.4194E-05
    1046.28  0.5085E-05
    1053.86  0.1088E-04
    1061.44  0.1583E-04
    1069.02  0.1888E-04
    1076.60  0.1952E-04
    1084.18  0.1764E-04
    1091.77  0.1347E-04
    1099.35  0.7676E-05
    1106.93  0.2911E-05
    1114.51  0.7696E-05
    1122.09  0.1371E-04
    1129.67  0.1817E-04
    1137.26  0.2036E-04
    1144.84  0.1987E-04
    1152.42  0.1662E-04
    1160.00  0.1109E-04
    1167.58  0.4408E-05
    1175.16  0.4923E-05
    1182.75  0.1178E-04
    1190.33  0.1744E-04
    1197.91  0.2079E-04
    1205.49  0.2128E-04
    1213.07  0.1878E-04
    1220.66  0.1364E-04
    1228.24  0.6686E-05
    1235.82  0.3013E-05
    1243.40  0.1014E-04
    1250.98  0.1666E-04
    1258.56  0.2092E-04
    1266.15  0.2221E-04
    1273.73  0.2028E-04
    1281.31  0.1538E-04
    1288.89  0.8255E-05
    1296.47  0.2128E-05
    1304.05  0.9335E-05
    1311.64  0.1662E-04
    1319.22  0.2162E-04
    1326.80  0.2336E-04
    1334.38  0.2158E-04
    1341.96  0.1654E-04
    1349.54  0.9108E-05
    1357.13  0.1570E-05
    1364.71  0.7766E-05
    1372.29  0.1266E-04
    1379.87  0.1453E-04
    1387.45  0.1498E-04
    1395.03  0.1547E-04
    1402.62  0.1530E-04
    1410.20  0.1413E-04
    1417.78  0.1185E-04
    1425.36  0.8490E-05
    1432.94  0.4253E-05
    1440.52  0.9068E-06
    1448.11  0.5806E-05
    1455.69  0.1068E-04
    1463.27  0.1487E-04
    1470.85  0.1789E-04
    1478.43  0.1930E-04
    1486.01  0.1875E-04
    1493.60  0.1600E-04
    1501.18  0.1089E-04
    1508.76  0.0000E+00
       0.00  0.0000E+00
       7.58  0.0000E+00
      15.16  0.2953E-05
      22.75  0.6479E-05
      30.33  0.1196E-04
      37.91  0.1518E-04
      45.49  0.1682E-04
      53.07  0.1676E-04
      60.65  0.1493E-04
      68.24  0.1141E-04
      75.82  0.6144E-05
      83.40  0.1374E-05
      90.98  0.7729E-05
      98.56  0.1244E-04
     106.14  0.1347E-04
     113.73  0.1169E-04
     121.31  0.8955E-05
     128.89  0.7511E-05
     136.47  0.7227E-05
     144.05  0.7051E-05
     151.63  0.7369E-05
     159.22  0.7355E-05
     166.80  0.6588E-05
     174.38  0.5287E-05
     181.96  0.5579E-05
     189.54  0.7319E-05
     197.12  0.9322E-05
     204.71  0.1085E-04
     212.29  0.1153E-04
     219.87  0.1125E-04
     227.45  0.1002E-04
     235.03  0.8117E-05
     242.61  0.6107E-05
     250.20  0.5201E-05
     257.78  0.6303E-05
     265.36  0.8370E-05
     272.94  0.1026E-04
     280.52  0.1146E-04
     288.10  0.1172E-04
     295.69  0.1095E-04
     303.27  0.9293E-05
     310.85  0.7122E-05
     318.43  0.5363E-05
     326.01  0.5525E-05
     333.60  0.7476E-05
     341.18  0.9709E-05
     348.76  0.1136E-04
     356.34  0.1204E-04
     363.92  0.1161E-04
     371.50  0.1012E-04
     379.09  0.7906E-05
     386.67  0.5728E-05
     394.25  0.5211E-05
     401.83  0.6981E-05
     409.41  0.9409E-05
     416.99  0.1135E-04
     424.58  0.1232E-04
     432.16  0.1210E-04
     439.74  0.1072E-04
     447.32  0.8463E-05
     454.90  0.6033E-05
     462.48  0.5060E-05
     470.07  0.6656E-05
     477.65  0.9182E-05
     485.23  0.1134E-04
     492.81  0.1254E-04
     500.39  0.1249E-04
     507.97  0.1118E-04
     515.56  0.8847E-05
     523.14  0.6162E-05
     530.72  0.4869E-05
     538.30  0.6561E-05
     545.88  0.9363E-05
     553.46  0.1169E-04
     561.05  0.1292E-04
     568.63  0.1278E-04
     576.21  0.1129E-04
     583.79  0.8726E-05
     591.37  0.5884E-05
     598.95  0.4874E-05
     606.54  0.7056E-05
     614.12  0.1004E-04
     621.70  0.1235E-04
     629.28  0.1339E-04
     636.86  0.1294E-04
     644.45  0.1108E-04
     652.03  0.8195E-05
     659.61  0.5318E-05
     667.19  0.5058E-05
     674.77  0.7846E-05
     682.35  0.1098E-04
     689.94  0.1316E-04
     697.52  0.1387E-04
     705.10  0.1294E-04
     712.68  0.1053E-04
     720.26  0.7160E-05
     727.84  0.4491E-05
     735.43  0.5896E-05
     743.01  0.9418E-05
     750.59  0.1244E-04
     758.17  0.1410E-04
     765.75  0.1404E-04
     773.33  0.1225E-04
     780.92  0.9068E-05
     788.50  0.5450E-05
     796.08  0.4632E-05
     803.66  0.7961E-05
     811.24  0.1159E-04
     818.82  0.1403E-04
     826.41  0.1474E-04
     833.99  0.1357E-04
     841.57  0.1072E-04
     849.15  0.6855E-05
     856.73  0.4108E-05
     864.31  0.6951E-05
     871.90  0.1130E-04
     879.48  0.1451E-04
     887.06  0.1574E-04
     894.64  0.1473E-04
     902.22  0.1164E-04
     909.81  0.7161E-05
     917.39  0.3917E-05
     924.97  0.7122E-05
     932.55  0.1175E-04
     940.13  0.1503E-04
     947.71  0.1617E-04
     955.30  0.1491E-04
     962.88  0.1147E-04
     970.46  0.6653E-05
     978.04  0.3842E-05
     985.62  0.7941E-05
     993.20  0.1271E-04
    1000.79  0.1584E-04
    1008.37  0.1664E-04
    1015.95  0.1491E-04
    1023.53  0.1090E-04
    1031.11  0.5526E-05
    1038.69  0.4130E-05
    1046.28  0.9466E-05
    1053.86  0.1429E-04
    1061.44  0.1701E-04
    1069.02  0.1703E-04
    1076.60  0.1432E-04
    1084.18  0.9371E-05
    1091.77  0.3801E-05
    1099.35  0.5845E-05
    1106.93  0.1170E-04
    1114.51  0.1605E-04
    1122.09  0.1784E-04
    1129.67  0.1668E-04
    1137.26  0.1275E-04
    1144.84  0.6871E-05
    1152.42  0.3128E-05
    1160.00  0.8842E-05
    1167.58  0.1451E-04
    1175.16  0.1794E-04
    1182.75  0.1835E-04
    1190.33  0.1550E-04
    1197.91  0.9976E-05
    1205.49  0.3422E-05
    1213.07  0.6270E-05
    1220.66  0.1291E-04
    1228.24  0.1758E-04
    1235.82  0.1921E-04
    1243.40  0.1743E-04
    1250.98  0.1254E-04
    1258.56  0.5601E-05
    1266.15  0.3960E-05
    1273.73  0.1117E-04
    1281.31  0.1688E-04
    1288.89  0.1962E-04
    1296.47  0.1878E-04
    1304.05  0.1447E-04
    1311.64  0.7539E-05
    1319.22  0.2513E-05
    1326.80  0.9998E-05
    1334.38  0.1664E-04
    1341.96  0.2018E-04
    1349.54  0.1997E-04
    1357.13  0.1611E-04
    1364.71  0.9551E-05
    1372.29  0.2410E-05
    1379.87  0.4572E-05
    1387.45  0.8863E-05
    1395.03  0.1263E-04
    1402.62  0.1538E-04
    1410.20  0.1674E-04
    1417.78  0.1646E-04
    1425.36  0.1444E-04
    1432.94  0.1077E-04
    1440.52  0.5739E-05
    1448.11  0.6525E-06
    1455.69  0.6562E-05
    1463.27  0.1241E-04
    1470.85  0.1712E-04
    1478.43  0.1997E-04
    1486.01  0.2040E-04
    1493.60  0.1804E-04
    1501.18  0.1274E-04
    1508.76  0.0000E+00
       0.00  0.0000E+00
       7.58  0.0000E+00
      15.16  0.2013E-05
      22.75  0.4295E-05
      30.33  0.8067E-05
      37.91  0.8603E-05
      45.49  0.6751E-05
      53.07  0.6482E-05
      60.65  0.7984E-05
      68.24  0.8720E-05
      75.82  0.1017E-04
      83.40  0.1141E-04
      90.98  0.1044E-04
      98.56  0.6004E-05
     106.14  0.3066E-05
     113.73  0.7843E-05
     121.31  0.1292E-04
     128.89  0.1627E-04
     136.47  0.1775E-04
     144.05  0.1741E-04
     151.63  0.1581E-04
     159.22  0.1478E-04
     166.80  0.1374E-04
     174.38  0.1078E-04
     181.96  0.1052E-04
     189.54  0.1357E-04
     197.12  0.1745E-04
     204.71  0.2034E-04
     212.29  0.2141E-04
     219.87  0.2038E-04
     227.45  0.1745E-04
     235.03  0.1343E-04
     242.61  0.1032E-04
     250.20  0.1109E-04
     257.78  0.1496E-04
     265.36  0.1897E-04
     272.94  0.2149E-04
     280.52  0.2185E-04
     288.10  0.1993E-04
     295.69  0.1618E-04
     303.27  0.1187E-04
     310.85  0.9908E-05
     318.43  0.1258E-04
     326.01  0.1708E-04
     333.60  0.2074E-04
     341.18  0.2240E-04
     348.76  0.2162E-04
     356.34  0.1854E-04
     363.92  0.1400E-04
     371.50  0.1014E-04
     379.09  0.1076E-04
     386.67  0.1518E-04
     394.25  0.1971E-04
     401.83  0.2252E-04
     409.41  0.2286E-04
     416.99  0.2057E-04
     424.58  0.1615E-04
     432.16  0.1118E-04
     439.74  0.9587E-05
     447.32  0.1352E-04
     454.90  0.1873E-04
     462.48  0.2248E-04
     470.07  0.2368E-04
     477.65  0.2203E-04
     485.23  0.1786E-04
     492.81  0.1243E-04
     500.39  0.9178E-05
     507.97  0.1228E-04
     515.56  0.1788E-04
     523.14  0.2232E-04
     530.72  0.2420E-04
     538.30  0.2304E-04
     545.88  0.1907E-04
     553.46  0.1335E-04
     561.05  0.9044E-05
     568.63  0.1153E-04
     576.21  0.1752E-04
     583.79  0.2253E-04
     591.37  0.2489E-04
     598.95  0.2396E-04
     606.54  0.1989E-04
     614.12  0.1373E-04
     621.70  0.8734E-05
     629.28  0.1134E-04
     636.86  0.1785E-04
     644.45  0.2318E-04
     652.03  0.2559E-04
     659.61  0.2450E-04
     667.19  0.2009E-04
     674.77  0.1349E-04
     682.35  0.8371E-05
     689.94  0.1180E-04
     697.52  0.1877E-04
     705.10  0.2413E-04
     712.68  0.2627E-04
     720.26  0.2465E-04
     727.84  0.1957E-04
     735.43  0.1239E-04
     743.01  0.7948E-05
     750.59  0.1320E-04
     758.17  0.2062E-04
     765.75  0.2571E-04
     773.33  0.2706E-04
     780.92  0.2432E-04
     788.50  0.1807E-04
     796.08  0.1024E-04
     803.66  0.8420E-05
     811.24  0.1587E-04
     818.82  0.2318E-04
     826.41  0.2733E-04
     833.99  0.2729E-04
     841.57  0.2302E-04
     849.15  0.1551E-04
     856.73  0.7935E-05
     864.31  0.1154E-04
     871.90  0.2048E-04
     879.48  0.2706E-04
     887.06  0.2923E-04
     894.64  0.2644E-04
     902.22  0.1923E-04
     909.81  0.9885E-05
     917.39  0.8988E-05
     924.97  0.1843E-04
     932.55  0.2633E-04
     940.13  0.2985E-04
     947.71  0.2813E-04
     955.30  0.2148E-04
     962.88  0.1172E-04
     970.46  0.7408E-05
     978.04  0.1675E-04
     985.62  0.2565E-04
     993.20  0.3027E-04
    1000.79  0.2944E-04
    1008.37  0.2326E-04
    1015.95  0.1326E-04
    1023.53  0.6505E-05
    1031.11  0.1567E-04
    1038.69  0.2536E-04
    1046.28  0.3072E-04
    1053.86  0.3035E-04
    1061.44  0.2422E-04
    1069.02  0.1378E-04
    1076.60  0.6033E-05
    1084.18  0.1565E-04
    1091.77  0.2575E-04
    1099.35  0.3127E-04
    1106.93  0.3081E-04
    1114.51  0.2437E-04
    1122.09  0.1350E-04
    1129.67  0.5804E-05
    1137.26  0.1646E-04
    1144.84  0.2682E-04
    1152.42  0.3219E-04
    1160.00  0.3118E-04
    1167.58  0.2396E-04
    1175.16  0.1227E-04
    1182.75  0.6239E-05
    1190.33  0.1834E-04
    1197.91  0.2855E-04
    1205.49  0.3310E-04
    1213.07  0.3079E-04
    1220.66  0.2225E-04
    1228.24  0.9684E-05
    1235.82  0.8328E-05
    1243.40  0.2123E-04
    1250.98  0.3062E-04
    1258.56  0.3372E-04
    1266.15  0.2970E-04
    1273.73  0.1943E-04
    1281.31  0.6109E-05
    1288.89  0.1226E-04
    1296.47  0.2520E-04
    1304.05  0.3313E-04
    1311.64  0.3396E-04
    1319.22  0.2741E-04
    1326.80  0.1497E-04
    1334.38  0.4246E-05
    1341.96  0.1772E-04
    1349.54  0.2937E-04
    1357.13  0.3473E-04
    1364.71  0.3222E-04
    1372.29  0.2197E-04
    1379.87  0.1001E-04
    1387.45  0.2512E-05
    1395.03  0.1090E-04
    1402.62  0.1891E-04
    1410.20  0.2485E-04
    1417.78  0.2796E-04
    1425.36  0.2772E-04
    1432.94  0.2395E-04
    1440.52  0.1691E-04
    1448.11  0.7312E-05
    1455.69  0.4087E-05
    1463.27  0.1512E-04
    1470.85  0.2475E-04
    1478.43  0.3130E-04
    1486.01  0.3351E-04
    1493.60  0.3055E-04
    1501.18  0.2213E-04
    1508.76  0.0000E+00
       0.00  0.0000E+00
       7.58  0.0000E+00
      15.16  0.8815E-06
      22.75  0.1116E-05
      30.33  0.1013E-05
      37.91  0.1085E-05
      45.49  0.5852E-05
      53.07  0.1066E-04
      60.65  0.1294E-04
      68.24  0.1158E-04
      75.82  0.8088E-05
      83.40  0.3374E-05
      90.98  0.1715E-05
      98.56  0.6062E-05
     106.14  0.9459E-05
     113.73  0.1151E-04
     121.31  0.1205E-04
     128.89  0.1115E-04
     136.47  0.8979E-05
     144.05  0.6567E-05
     151.63  0.6022E-05
     159.22  0.6648E-05
     166.80  0.6261E-05
     174.38  0.9111E-05
     181.96  0.1208E-04
     189.54  0.1391E-04
     197.12  0.1412E-04
     204.71  0.1269E-04
     212.29  0.1003E-04
     219.87  0.7291E-05
     227.45  0.6866E-05
     235.03  0.9327E-05
     242.61  0.1226E-04
     250.20  0.1415E-04
     257.78  0.1440E-04
     265.36  0.1291E-04
     272.94  0.1010E-04
     280.52  0.7181E-05
     288.10  0.6782E-05
     295.69  0.9469E-05
     303.27  0.1255E-04
     310.85  0.1445E-04
     318.43  0.1459E-04
     326.01  0.1289E-04
     333.60  0.9795E-05
     341.18  0.6736E-05
     348.76  0.6852E-05
     356.34  0.1006E-04
     363.92  0.1323E-04
     371.50  0.1494E-04
     379.09  0.1468E-04
     386.67  0.1250E-04
     394.25  0.9032E-05
     401.83  0.6180E-05
     409.41  0.7359E-05
     416.99  0.1099E-04
     424.58  0.1405E-04
     432.16  0.1536E-04
     439.74  0.1455E-04
     447.32  0.1180E-04
     454.90  0.8007E-05
     462.48  0.5868E-05
     470.07  0.8392E-05
     477.65  0.1227E-04
     485.23  0.1497E-04
     492.81  0.1561E-04
     500.39  0.1397E-04
     507.97  0.1044E-04
     515.56  0.6493E-05
     523.14  0.6298E-05
     530.72  0.1020E-04
     538.30  0.1392E-04
     545.88  0.1582E-04
     553.46  0.1536E-04
     561.05  0.1262E-04
     568.63  0.8408E-05
     576.21  0.5427E-05
     583.79  0.8027E-05
     591.37  0.1241E-04
     598.95  0.1547E-04
     606.54  0.1621E-04
     614.12  0.1442E-04
     621.70  0.1053E-04
     629.28  0.6130E-05
     636.86  0.6231E-05
     644.45  0.1076E-04
     652.03  0.1473E-04
     659.61  0.1653E-04
     667.19  0.1562E-04
     674.77  0.1218E-04
     682.35  0.7364E-05
     689.94  0.5222E-05
     697.52  0.9334E-05
     705.10  0.1390E-04
     712.68  0.1650E-04
     720.26  0.1636E-04
     727.84  0.1350E-04
     735.43  0.8675E-05
     743.01  0.4853E-05
     750.59  0.8103E-05
     758.17  0.1318E-04
     765.75  0.1647E-04
     773.33  0.1699E-04
     780.92  0.1455E-04
     788.50  0.9762E-05
     796.08  0.4942E-05
     803.66  0.7244E-05
     811.24  0.1269E-04
     818.82  0.1646E-04
     826.41  0.1731E-04
     833.99  0.1506E-04
     841.57  0.1028E-04
     849.15  0.5119E-05
     856.73  0.7176E-05
     864.31  0.1307E-04
     871.90  0.1710E-04
     879.48  0.1791E-04
     887.06  0.1523E-04
     894.64  0.9784E-05
     902.22  0.4625E-05
     909.81  0.8396E-05
     917.39  0.1435E-04
     924.97  0.1790E-04
     932.55  0.1791E-04
     940.13  0.1434E-04
     947.71  0.8229E-05
     955.30  0.4550E-05
     962.88  0.1021E-04
     970.46  0.1580E-04
     978.04  0.1843E-04
     985.62  0.1734E-04
     993.20  0.1276E-04
    1000.79  0.6272E-05
    1008.37  0.5868E-05
    1015.95  0.1244E-04
    1023.53  0.1737E-04
    1031.11  0.1877E-04
    1038.69  0.1621E-04
    1046.28  0.1036E-04
    1053.86  0.4233E-05
    1061.44  0.8551E-05
    1069.02  0.1513E-04
    1076.60  0.1881E-04
    1084.18  0.1845E-04
    1091.77  0.1412E-04
    1099.35  0.7192E-05
    1106.93  0.4952E-05
    1114.51  0.1197E-04
    1122.09  0.1760E-04
    1129.67  0.1950E-04
    1137.26  0.1706E-04
    1144.84  0.1092E-04
    1152.42  0.4024E-05
    1160.00  0.8698E-05
    1167.58  0.1576E-04
    1175.16  0.1957E-04
    1182.75  0.1893E-04
    1190.33  0.1396E-04
    1197.91  0.6227E-05
    1205.49  0.5695E-05
    1213.07  0.1362E-04
    1220.66  0.1905E-04
    1228.24  0.2012E-04
    1235.82  0.1656E-04
    1243.40  0.9170E-05
    1250.98  0.3436E-05
    1258.56  0.1140E-04
    1266.15  0.1829E-04
    1273.73  0.2091E-04
    1281.31  0.1848E-04
    1288.89  0.1159E-04
    1296.47  0.3179E-05
    1304.05  0.9424E-05
    1311.64  0.1735E-04
    1319.22  0.2118E-04
    1326.80  0.1978E-04
    1334.38  0.1345E-04
    1341.96  0.4237E-05
    1349.54  0.7714E-05
    1357.13  0.1629E-04
    1364.71  0.2053E-04
    1372.29  0.1829E-04
    1379.87  0.1257E-04
    1387.45  0.6355E-05
    1395.03  0.1350E-05
    1402.62  0.5566E-05
    1410.20  0.1041E-04
    1417.78  0.1399E-04
    1425.36  0.1572E-04
    1432.94  0.1525E-04
    1440.52  0.1250E-04
    1448.11  0.7745E-05
    1455.69  0.1713E-05
    1463.27  0.5265E-05
    1470.85  0.1145E-04
    1478.43  0.1609E-04
    1486.01  0.1822E-04
    1493.60  0.1722E-04
    1501.18  0.1286E-04
    1508.76  0.0000E+00
       0.00  0.0000E+00
       7.58  0.0000E+00
      15.16  0.3959E-05
      22.75  0.8341E-05
      30.33  0.1440E-04
      37.91  0.1752E-04
      45.49  0.1769E-04
      53.07  0.1499E-04
      60.65  0.1007E-04
      68.24  0.4422E-05
      75.82  0.5062E-05
      83.40  0.1067E-04
      90.98  0.1519E-04
      98.56  0.1773E-04
     106.14  0.1761E-04
     113.73  0.1531E-04
     121.31  0.1320E-04
     128.89  0.1443E-04
     136.47  0.1711E-04
     144.05  0.1746E-04
     151.63  0.1456E-04
     159.22  0.1407E-04
     166.80  0.1848E-04
     174.38  0.2110E-04
     181.96  0.2113E-04
     189.54  0.1851E-04
     197.12  0.1413E-04
     204.71  0.1060E-04
     212.29  0.1185E-04
     219.87  0.1634E-04
     227.45  0.2022E-04
     235.03  0.2170E-04
     242.61  0.2024E-04
     250.20  0.1630E-04
     257.78  0.1165E-04
     265.36  0.1044E-04
     272.94  0.1435E-04
     280.52  0.1902E-04
     288.10  0.2166E-04
     295.69  0.2130E-04
     303.27  0.1805E-04
     310.85  0.1315E-04
     318.43  0.1003E-04
     326.01  0.1266E-04
     333.60  0.1768E-04
     341.18  0.2127E-04
     348.76  0.2194E-04
     356.34  0.1945E-04
     363.92  0.1462E-04
     371.50  0.1019E-04
     379.09  0.1132E-04
     386.67  0.1649E-04
     394.25  0.2086E-04
     401.83  0.2239E-04
     409.41  0.2055E-04
     416.99  0.1589E-04
     424.58  0.1068E-04
     432.16  0.1040E-04
     439.74  0.1552E-04
     447.32  0.2042E-04
     454.90  0.2255E-04
     462.48  0.2120E-04
     470.07  0.1677E-04
     477.65  0.1121E-04
     485.23  0.9876E-05
     492.81  0.1484E-04
     500.39  0.2014E-04
     507.97  0.2274E-04
     515.56  0.2169E-04
     523.14  0.1729E-04
     530.72  0.1138E-04
     538.30  0.9502E-05
     545.88  0.1463E-04
     553.46  0.2026E-04
     561.05  0.2307E-04
     568.63  0.2204E-04
     576.21  0.1745E-04
     583.79  0.1123E-04
     591.37  0.9367E-05
     598.95  0.1483E-04
     606.54  0.2057E-04
     614.12  0.2332E-04
     621.70  0.2209E-04
     629.28  0.1721E-04
     636.86  0.1077E-04
     644.45  0.9460E-05
     652.03  0.1552E-04
     659.61  0.2132E-04
     667.19  0.2373E-04
     674.77  0.2189E-04
     682.35  0.1634E-04
     689.94  0.9718E-05
     697.52  0.1005E-04
     705.10  0.1690E-04
     712.68  0.2244E-04
     720.26  0.2410E-04
     727.84  0.2128E-04
     735.43  0.1490E-04
     743.01  0.8614E-05
     750.59  0.1139E-04
     758.17  0.1869E-04
     765.75  0.2363E-04
     773.33  0.2418E-04
     780.92  0.2011E-04
     788.50  0.1279E-04
     796.08  0.7919E-05
     803.66  0.1376E-04
     811.24  0.2104E-04
     818.82  0.2476E-04
     826.41  0.2357E-04
     833.99  0.1778E-04
     841.57  0.9770E-05
     849.15  0.9341E-05
     856.73  0.1774E-04
     864.31  0.2439E-04
     871.90  0.2592E-04
     879.48  0.2185E-04
     887.06  0.1356E-04
     894.64  0.7503E-05
     902.22  0.1478E-04
     909.81  0.2301E-04
     917.39  0.2661E-04
     924.97  0.2426E-04
     932.55  0.1665E-04
     940.13  0.7764E-05
     947.71  0.1191E-04
     955.30  0.2126E-04
     962.88  0.2658E-04
     970.46  0.2583E-04
     978.04  0.1917E-04
     985.62  0.9278E-05
     993.20  0.9513E-05
    1000.79  0.1959E-04
    1008.37  0.2641E-04
    1015.95  0.2713E-04
    1023.53  0.2133E-04
    1031.11  0.1101E-04
    1038.69  0.7641E-05
    1046.28  0.1828E-04
    1053.86  0.2627E-04
    1061.44  0.2801E-04
    1069.02  0.2287E-04
    1076.60  0.1247E-04
    1084.18  0.6413E-05
    1091.77  0.1726E-04
    1099.35  0.2611E-04
    1106.93  0.2860E-04
    1114.51  0.2386E-04
    1122.09  0.1332E-04
    1129.67  0.5600E-05
    1137.26  0.1698E-04
    1144.84  0.2647E-04
    1152.42  0.2925E-04
    1160.00  0.2441E-04
    1167.58  0.1338E-04
    1175.16  0.5188E-05
    1182.75  0.1735E-04
    1190.33  0.2706E-04
    1197.91  0.2976E-04
    1205.49  0.2453E-04
    1213.07  0.1289E-04
    1220.66  0.5261E-05
    1228.24  0.1834E-04
    1235.82  0.2796E-04
    1243.40  0.3010E-04
    1250.98  0.2395E-04
    1258.56  0.1130E-04
    1266.15  0.6431E-05
    1273.73  0.2020E-04
    1281.31  0.2915E-04
    1288.89  0.3005E-04
    1296.47  0.2252E-04
    1304.05  0.8879E-05
    1311.64  0.8780E-05
    1319.22  0.2268E-04
    1326.80  0.3055E-04
    1334.38  0.2976E-04
    1341.96  0.2050E-04
    1349.54  0.5837E-05
    1357.13  0.1152E-04
    1364.71  0.2358E-04
    1372.29  0.2642E-04
    1379.87  0.2234E-04
    1387.45  0.1559E-04
    1395.03  0.8414E-05
    1402.62  0.1693E-05
    1410.20  0.7799E-05
    1417.78  0.1462E-04
    1425.36  0.1939E-04
    1432.94  0.2115E-04
    1440.52  0.1944E-04
    1448.11  0.1432E-04
    1455.69  0.6496E-05
    1463.27  0.3070E-05
    1470.85  0.1222E-04
    1478.43  0.1962E-04
    1486.01  0.2360E-04
    1493.60  0.2307E-04
    1501.18  0.1763E-04
    1508.76  0.0000E+00
       0.00  0.0000E+00
       7.58  0.0000E+00
      15.16  0.5682E-05
      22.75  0.1180E-04
      30.33  0.1992E-04
      37.91  0.2382E-04
      45.49  0.2337E-04
      53.07  0.1869E-04
      60.65  0.1108E-04
      68.24  0.6776E-05
      75.82  0.1391E-04
      83.40  0.2136E-04
      90.98  0.2510E-04
      98.56  0.2419E-04
     106.14  0.2000E-04
     113.73  0.1787E-04
     121.31  0.2069E-04
     128.89  0.2382E-04
     136.47  0.2445E-04
     144.05  0.2270E-04
     151.63  0.2079E-04
     159.22  0.2469E-04
     166.80  0.2926E-04
     174.38  0.2971E-04
     181.96  0.2628E-04
     189.54  0.2048E-04
     197.12  0.1654E-04
     204.71  0.1917E-04
     212.29  0.2514E-04
     219.87  0.2943E-04
     227.45  0.2980E-04
     235.03  0.2605E-04
     242.61  0.1993E-04
     250.20  0.1621E-04
     257.78  0.1954E-04
     265.36  0.2575E-04
     272.94  0.2981E-04
     280.52  0.2970E-04
     288.10  0.2540E-04
     295.69  0.1902E-04
     303.27  0.1600E-04
     310.85  0.2037E-04
     318.43  0.2676E-04
     326.01  0.3035E-04
     333.60  0.2939E-04
     341.18  0.2423E-04
     348.76  0.1762E-04
     356.34  0.1607E-04
     363.92  0.2184E-04
     371.50  0.2817E-04
     379.09  0.3085E-04
     386.67  0.2865E-04
     394.25  0.2247E-04
     401.83  0.1613E-04
     409.41  0.1696E-04
     416.99  0.2385E-04
     424.58  0.2961E-04
     432.16  0.3096E-04
     439.74  0.2724E-04
     447.32  0.2010E-04
     454.90  0.1500E-04
     462.48  0.1893E-04
     470.07  0.2641E-04
     477.65  0.3098E-04
     485.23  0.3039E-04
     492.81  0.2478E-04
     500.39  0.1707E-04
     507.97  0.1519E-04
     515.56  0.2211E-04
     523.14  0.2917E-04
     530.72  0.3176E-04
     538.30  0.2872E-04
     545.88  0.2129E-04
     553.46  0.1453E-04
     561.05  0.1763E-04
     568.63  0.2597E-04
     576.21  0.3148E-04
     583.79  0.3135E-04
     591.37  0.2554E-04
     598.95  0.1691E-04
     606.54  0.1441E-04
     614.12  0.2218E-04
     621.70  0.2990E-04
     629.28  0.3252E-04
     636.86  0.2888E-04
     644.45  0.2044E-04
     652.03  0.1342E-04
     659.61  0.1843E-04
     667.19  0.2757E-04
     674.77  0.3269E-04
     682.35  0.3140E-04
     689.94  0.2407E-04
     697.52  0.1462E-04
     705.10  0.1513E-04
     712.68  0.2490E-04
     720.26  0.3218E-04
     727.84  0.3306E-04
     735.43  0.2709E-04
     743.01  0.1692E-04
     750.59  0.1292E-04
     758.17  0.2223E-04
     765.75  0.3116E-04
     773.33  0.3395E-04
     780.92  0.2940E-04
     788.50  0.1927E-04
     796.08  0.1180E-04
     803.66  0.1989E-04
     811.24  0.3017E-04
     818.82  0.3461E-04
     826.41  0.3125E-04
     833.99  0.2124E-04
     841.57  0.1139E-04
     849.15  0.1851E-04
     856.73  0.3028E-04
     864.31  0.3609E-04
     871.90  0.3288E-04
     879.48  0.2196E-04
     887.06  0.1112E-04
     894.64  0.1956E-04
     902.22  0.3167E-04
     909.81  0.3672E-04
     917.39  0.3249E-04
     924.97  0.2054E-04
     932.55  0.1035E-04
     940.13  0.2133E-04
     947.71  0.3332E-04
     955.30  0.3722E-04
     962.88  0.3139E-04
     970.46  0.1809E-04
     978.04  0.1045E-04
     985.62  0.2394E-04
     993.20  0.3516E-04
    1000.79  0.3734E-04
    1008.37  0.2952E-04
    1015.95  0.1492E-04
    1023.53  0.1220E-04
    1031.11  0.2723E-04
    1038.69  0.3701E-04
    1046.28  0.3674E-04
    1053.86  0.2633E-04
    1061.44  0.1088E-04
    1069.02  0.1605E-04
    1076.60  0.3110E-04
    1084.18  0.3841E-04
    1091.77  0.3492E-04
    1099.35  0.2177E-04
    1106.93  0.8008E-05
    1114.51  0.2133E-04
    1122.09  0.3501E-04
    1129.67  0.3900E-04
    1137.26  0.3171E-04
    1144.84  0.1581E-04
    1152.42  0.1039E-04
    1160.00  0.2741E-04
    1167.58  0.3817E-04
    1175.16  0.3779E-04
    1182.75  0.2631E-04
    1190.33  0.9010E-05
    1197.91  0.1731E-04
    1205.49  0.3334E-04
    1213.07  0.3991E-04
    1220.66  0.3440E-04
    1228.24  0.1869E-04
    1235.82  0.7655E-05
    1243.40  0.2576E-04
    1250.98  0.3841E-04
    1258.56  0.3934E-04
    1266.15  0.2809E-04
    1273.73  0.9311E-05
    1281.31  0.1640E-04
    1288.89  0.3376E-04
    1296.47  0.4102E-04
    1304.05  0.3534E-04
    1311.64  0.1860E-04
    1319.22  0.7342E-05
    1326.80  0.2721E-04
    1334.38  0.4000E-04
    1341.96  0.4007E-04
    1349.54  0.2737E-04
    1357.13  0.7264E-05
    1364.71  0.1674E-04
    1372.29  0.2936E-04
    1379.87  0.3155E-04
    1387.45  0.2761E-04
    1395.03  0.2125E-04
    1402.62  0.1200E-04
    1410.20  0.2521E-05
    1417.78  0.1174E-04
    1425.36  0.2170E-04
    1432.94  0.2806E-04
    1440.52  0.2934E-04
    1448.11  0.2497E-04
    1455.69  0.1549E-04
    1463.27  0.2784E-05
    1470.85  0.1176E-04
    1478.43  0.2391E-04
    1486.01  0.3145E-04
    1493.60  0.3227E-04
    1501.18  0.2550E-04
    1508.76  0.0000E+00
       0.00  0.0000E+00
       7.58  0.0000E+00
      15.16  0.8595E-04
      22.75  0.1851E-03
      30.33  0.3423E-03
      37.91  0.3747E-03
      45.49  0.3095E-03
      53.07  0.1814E-03
      60.65  0.1103E-03
      68.24  0.2370E-03
      75.82  0.3627E-03
      83.40  0.4218E-03
      90.98  0.4000E-03
      98.56  0.3134E-03
     106.14  0.2262E-03
     113.73  0.2539E-03
     121.31  0.3644E-03
     128.89  0.4533E-03
     136.47  0.4761E-03
     144.05  0.4278E-03
     151.63  0.3444E-03
     159.22  0.3062E-03
     166.80  0.3669E-03
     174.38  0.4585E-03
     181.96  0.5046E-03
     189.54  0.4780E-03
     197.12  0.3933E-03
     204.71  0.3143E-03
     212.29  0.3332E-03
     219.87  0.4259E-03
     227.45  0.4972E-03
     235.03  0.4990E-03
     242.61  0.4290E-03
     250.20  0.3319E-03
     257.78  0.3070E-03
     265.36  0.3894E-03
     272.94  0.4804E-03
     280.52  0.5095E-03
     288.10  0.4590E-03
     295.69  0.3576E-03
     303.27  0.2947E-03
     310.85  0.3552E-03
     318.43  0.4587E-03
     326.01  0.5119E-03
     333.60  0.4820E-03
     341.18  0.3844E-03
     348.76  0.2942E-03
     356.34  0.3261E-03
     363.92  0.4356E-03
     371.50  0.5089E-03
     379.09  0.4984E-03
     386.67  0.4084E-03
     394.25  0.3008E-03
     401.83  0.3036E-03
     409.41  0.4140E-03
     416.99  0.5034E-03
     424.58  0.5096E-03
     432.16  0.4277E-03
     439.74  0.3095E-03
     447.32  0.2870E-03
     454.90  0.3959E-03
     462.48  0.4980E-03
     470.07  0.5173E-03
     477.65  0.4418E-03
     485.23  0.3167E-03
     492.81  0.2749E-03
     500.39  0.3826E-03
     507.97  0.4944E-03
     515.56  0.5226E-03
     523.14  0.4506E-03
     530.72  0.3199E-03
     538.30  0.2659E-03
     545.88  0.3754E-03
     553.46  0.4942E-03
     561.05  0.5268E-03
     568.63  0.4541E-03
     576.21  0.3173E-03
     583.79  0.2590E-03
     591.37  0.3752E-03
     598.95  0.4985E-03
     606.54  0.5302E-03
     614.12  0.4518E-03
     621.70  0.3078E-03
     629.28  0.2548E-03
     636.86  0.3829E-03
     644.45  0.5073E-03
     652.03  0.5320E-03
     659.61  0.4424E-03
     667.19  0.2909E-03
     674.77  0.2556E-03
     682.35  0.3996E-03
     689.94  0.5202E-03
     697.52  0.5308E-03
     705.10  0.4243E-03
     712.68  0.2668E-03
     720.26  0.2659E-03
     727.84  0.4254E-03
     735.43  0.5352E-03
     743.01  0.5238E-03
     750.59  0.3951E-03
     758.17  0.2388E-03
     765.75  0.2905E-03
     773.33  0.4592E-03
     780.92  0.5490E-03
     788.50  0.5071E-03
     796.08  0.3527E-03
     803.66  0.2164E-03
     811.24  0.3325E-03
     818.82  0.4980E-03
     826.41  0.5561E-03
     833.99  0.4749E-03
     841.57  0.2957E-03
     849.15  0.2229E-03
     856.73  0.4025E-03
     864.31  0.5532E-03
     871.90  0.5577E-03
     879.48  0.4135E-03
     887.06  0.2227E-03
     894.64  0.3017E-03
     902.22  0.4989E-03
     909.81  0.5812E-03
     917.39  0.5011E-03
     924.97  0.3000E-03
     932.55  0.2151E-03
     940.13  0.4175E-03
     947.71  0.5683E-03
     955.30  0.5602E-03
     962.88  0.3949E-03
     970.46  0.1961E-03
     978.04  0.3239E-03
     985.62  0.5268E-03
     993.20  0.5897E-03
    1000.79  0.4780E-03
    1008.37  0.2521E-03
    1015.95  0.2350E-03
    1023.53  0.4652E-03
    1031.11  0.5925E-03
    1038.69  0.5409E-03
    1046.28  0.3333E-03
    1053.86  0.1758E-03
    1061.44  0.3921E-03
    1069.02  0.5742E-03
    1076.60  0.5826E-03
    1084.18  0.4109E-03
    1091.77  0.1748E-03
    1099.35  0.3163E-03
    1106.93  0.5413E-03
    1114.51  0.6057E-03
    1122.09  0.4761E-03
    1129.67  0.2201E-03
    1137.26  0.2448E-03
    1144.84  0.4998E-03
    1152.42  0.6144E-03
    1160.00  0.5274E-03
    1167.58  0.2783E-03
    1175.16  0.1845E-03
    1182.75  0.4553E-03
    1190.33  0.6129E-03
    1197.91  0.5659E-03
    1205.49  0.3331E-03
    1213.07  0.1428E-03
    1220.66  0.4122E-03
    1228.24  0.6057E-03
    1235.82  0.5939E-03
    1243.40  0.3792E-03
    1250.98  0.1236E-03
    1258.56  0.3744E-03
    1266.15  0.5970E-03
    1273.73  0.6141E-03
    1281.31  0.4153E-03
    1288.89  0.1227E-03
    1296.47  0.3442E-03
    1304.05  0.5897E-03
    1311.64  0.6288E-03
    1319.22  0.4413E-03
    1326.80  0.1280E-03
    1334.38  0.3248E-03
    1341.96  0.5888E-03
    1349.54  0.6452E-03
    1357.13  0.4713E-03
    1364.71  0.1570E-03
    1372.29  0.2173E-03
    1379.87  0.4054E-03
    1387.45  0.4760E-03
    1395.03  0.4771E-03
    1402.62  0.3905E-03
    1410.20  0.2251E-03
    1417.78  0.4492E-04
    1425.36  0.2300E-03
    1432.94  0.4148E-03
    1440.52  0.5171E-03
    1448.11  0.5081E-03
    1455.69  0.3833E-03
    1463.27  0.1660E-03
    1470.85  0.1043E-03
    1478.43  0.3535E-03
    1486.01  0.5271E-03
    1493.60  0.5739E-03
    1501.18  0.4700E-03
    1508.76  0.0000E+00
       0.00  0.0000E+00
       7.58  0.0000E+00
      15.16  0.5032E-05
      22.75  0.1110E-04
      30.33  0.2163E-04
      37.91  0.2159E-04
      45.49  0.1452E-04
      53.07  0.3232E-05
      60.65  0.9104E-05
      68.24  0.1912E-04
      75.82  0.2428E-04
      83.40  0.2325E-04
      90.98  0.1670E-04
      98.56  0.9316E-05
     106.14  0.1309E-04
     113.73  0.2014E-04
     121.31  0.2160E-04
     128.89  0.1908E-04
     136.47  0.1829E-04
     144.05  0.2194E-04
     151.63  0.2844E-04
     159.22  0.2435E-04
     166.80  0.1972E-04
     174.38  0.2180E-04
     181.96  0.2720E-04
     189.54  0.3022E-04
     197.12  0.2871E-04
     204.71  0.2371E-04
     212.29  0.1983E-04
     219.87  0.2215E-04
     227.45  0.2750E-04
     235.03  0.3026E-04
     242.61  0.2834E-04
     250.20  0.2307E-04
     257.78  0.1947E-04
     265.36  0.2241E-04
     272.94  0.2783E-04
     280.52  0.3022E-04
     288.10  0.2775E-04
     295.69  0.2215E-04
     303.27  0.1912E-04
     310.85  0.2299E-04
     318.43  0.2845E-04
     326.01  0.3020E-04
     333.60  0.2690E-04
     341.18  0.2096E-04
     348.76  0.1897E-04
     356.34  0.2388E-04
     363.92  0.2910E-04
     371.50  0.2991E-04
     379.09  0.2568E-04
     386.67  0.1969E-04
     394.25  0.1926E-04
     401.83  0.2508E-04
     409.41  0.2975E-04
     416.99  0.2931E-04
     424.58  0.2397E-04
     432.16  0.1839E-04
     439.74  0.2023E-04
     447.32  0.2671E-04
     454.90  0.3029E-04
     462.48  0.2819E-04
     470.07  0.2178E-04
     477.65  0.1755E-04
     485.23  0.2189E-04
     492.81  0.2833E-04
     500.39  0.3034E-04
     507.97  0.2638E-04
     515.56  0.1934E-04
     523.14  0.1774E-04
     530.72  0.2424E-04
     538.30  0.2981E-04
     545.88  0.2959E-04
     553.46  0.2362E-04
     561.05  0.1711E-04
     568.63  0.1958E-04
     576.21  0.2703E-04
     583.79  0.3066E-04
     591.37  0.2771E-04
     598.95  0.2014E-04
     606.54  0.1631E-04
     614.12  0.2272E-04
     621.70  0.2955E-04
     629.28  0.3036E-04
     636.86  0.2447E-04
     644.45  0.1662E-04
     652.03  0.1822E-04
     659.61  0.2657E-04
     667.19  0.3100E-04
     674.77  0.2816E-04
     682.35  0.1987E-04
     689.94  0.1535E-04
     697.52  0.2256E-04
     705.10  0.2995E-04
     712.68  0.3061E-04
     720.26  0.2391E-04
     727.84  0.1534E-04
     735.43  0.1837E-04
     743.01  0.2760E-04
     750.59  0.3159E-04
     758.17  0.2749E-04
     765.75  0.1796E-04
     773.33  0.1498E-04
     780.92  0.2421E-04
     788.50  0.3116E-04
     796.08  0.3008E-04
     803.66  0.2150E-04
     811.24  0.1364E-04
     818.82  0.2058E-04
     826.41  0.2983E-04
     833.99  0.3164E-04
     841.57  0.2479E-04
     849.15  0.1458E-04
     856.73  0.1773E-04
     864.31  0.2877E-04
     871.90  0.3295E-04
     879.48  0.2733E-04
     887.06  0.1592E-04
     894.64  0.1609E-04
     902.22  0.2761E-04
     909.81  0.3311E-04
     917.39  0.2847E-04
     924.97  0.1678E-04
     932.55  0.1488E-04
     940.13  0.2670E-04
     947.71  0.3311E-04
     955.30  0.2920E-04
     962.88  0.1745E-04
     970.46  0.1392E-04
     978.04  0.2603E-04
     985.62  0.3321E-04
     993.20  0.2978E-04
    1000.79  0.1782E-04
    1008.37  0.1316E-04
    1015.95  0.2563E-04
    1023.53  0.3324E-04
    1031.11  0.2996E-04
    1038.69  0.1784E-04
    1046.28  0.1273E-04
    1053.86  0.2551E-04
    1061.44  0.3332E-04
    1069.02  0.2996E-04
    1076.60  0.1739E-04
    1084.18  0.1258E-04
    1091.77  0.2598E-04
    1099.35  0.3365E-04
    1106.93  0.2970E-04
    1114.51  0.1647E-04
    1122.09  0.1273E-04
    1129.67  0.2671E-04
    1137.26  0.3397E-04
    1144.84  0.2916E-04
    1152.42  0.1509E-04
    1160.00  0.1337E-04
    1167.58  0.2798E-04
    1175.16  0.3429E-04
    1182.75  0.2803E-04
    1190.33  0.1306E-04
    1197.91  0.1500E-04
    1205.49  0.2969E-04
    1213.07  0.3452E-04
    1220.66  0.2643E-04
    1228.24  0.1056E-04
    1235.82  0.1747E-04
    1243.40  0.3175E-04
    1250.98  0.3446E-04
    1258.56  0.2391E-04
    1266.15  0.8225E-05
    1273.73  0.2075E-04
    1281.31  0.3364E-04
    1288.89  0.3355E-04
    1296.47  0.2036E-04
    1304.05  0.7901E-05
    1311.64  0.2481E-04
    1319.22  0.3532E-04
    1326.80  0.3163E-04
    1334.38  0.1560E-04
    1341.96  0.1129E-04
    1349.54  0.2909E-04
    1357.13  0.3645E-04
    1364.71  0.2924E-04
    1372.29  0.1158E-04
    1379.87  0.8809E-05
    1387.45  0.2038E-04
    1395.03  0.2805E-04
    1402.62  0.2937E-04
    1410.20  0.2383E-04
    1417.78  0.1254E-04
    1425.36  0.3889E-05
    1432.94  0.1761E-04
    1440.52  0.2843E-04
    1448.11  0.3253E-04
    1455.69  0.2841E-04
    1463.27  0.1675E-04
    1470.85  0.1582E-05
    1478.43  0.1711E-04
    1486.01  0.3011E-04
    1493.60  0.3503E-04
    1501.18  0.2978E-04
    1508.76  0.0000E+00
       0.00  0.0000E+00
       7.58  0.0000E+00
      15.16  0.1055E-04
      22.75  0.2211E-04
      30.33  0.3921E-04
      37.91  0.3816E-04
      45.49  0.2385E-04
      53.07  0.2037E-05
      60.65  0.2096E-04
      68.24  0.3755E-04
      75.82  0.4295E-04
      83.40  0.3563E-04
      90.98  0.1888E-04
      98.56  0.1394E-04
     106.14  0.3181E-04
     113.73  0.4209E-04
     121.31  0.3904E-04
     128.89  0.2783E-04
     136.47  0.2264E-04
     144.05  0.3310E-04
     151.63  0.4459E-04
     159.22  0.4273E-04
     166.80  0.3504E-04
     174.38  0.3072E-04
     181.96  0.3567E-04
     189.54  0.4308E-04
     197.12  0.4515E-04
     204.71  0.4006E-04
     212.29  0.3231E-04
     219.87  0.3156E-04
     227.45  0.3897E-04
     235.03  0.4485E-04
     242.61  0.4356E-04
     250.20  0.3597E-04
     257.78  0.2989E-04
     265.36  0.3412E-04
     272.94  0.4234E-04
     280.52  0.4518E-04
     288.10  0.4008E-04
     295.69  0.3145E-04
     303.27  0.3022E-04
     310.85  0.3837E-04
     318.43  0.4478E-04
     326.01  0.4328E-04
     333.60  0.3491E-04
     341.18  0.2850E-04
     348.76  0.3379E-04
     356.34  0.4268E-04
     363.92  0.4508E-04
     371.50  0.3882E-04
     379.09  0.2943E-04
     386.67  0.2971E-04
     394.25  0.3925E-04
     401.83  0.4521E-04
     409.41  0.4209E-04
     416.99  0.3229E-04
     424.58  0.2723E-04
     432.16  0.3523E-04
     439.74  0.4398E-04
     447.32  0.4431E-04
     454.90  0.3573E-04
     462.48  0.2668E-04
     470.07  0.3121E-04
     477.65  0.4177E-04
     485.23  0.4543E-04
     492.81  0.3899E-04
     500.39  0.2795E-04
     507.97  0.2774E-04
     515.56  0.3881E-04
     523.14  0.4548E-04
     530.72  0.4169E-04
     538.30  0.3032E-04
     545.88  0.2538E-04
     553.46  0.3562E-04
     561.05  0.4478E-04
     568.63  0.4364E-04
     576.21  0.3287E-04
     583.79  0.2420E-04
     591.37  0.3254E-04
     598.95  0.4357E-04
     606.54  0.4493E-04
     614.12  0.3536E-04
     621.70  0.2404E-04
     629.28  0.2960E-04
     636.86  0.4203E-04
     644.45  0.4569E-04
     652.03  0.3751E-04
     659.61  0.2461E-04
     667.19  0.2718E-04
     674.77  0.4047E-04
     682.35  0.4599E-04
     689.94  0.3913E-04
     697.52  0.2546E-04
     705.10  0.2525E-04
     712.68  0.3902E-04
     720.26  0.4611E-04
     727.84  0.4040E-04
     735.43  0.2622E-04
     743.01  0.2364E-04
     750.59  0.3781E-04
     758.17  0.4614E-04
     765.75  0.4126E-04
     773.33  0.2678E-04
     780.92  0.2254E-04
     788.50  0.3693E-04
     796.08  0.4609E-04
     803.66  0.4175E-04
     811.24  0.2697E-04
     818.82  0.2170E-04
     826.41  0.3657E-04
     833.99  0.4623E-04
     841.57  0.4191E-04
     849.15  0.2672E-04
     856.73  0.2170E-04
     864.31  0.3810E-04
     871.90  0.4756E-04
     879.48  0.4149E-04
     887.06  0.2458E-04
     894.64  0.2337E-04
     902.22  0.4057E-04
     909.81  0.4780E-04
     917.39  0.3881E-04
     924.97  0.2122E-04
     932.55  0.2625E-04
     940.13  0.4335E-04
     947.71  0.4742E-04
     955.30  0.3506E-04
     962.88  0.1832E-04
     970.46  0.3022E-04
     978.04  0.4600E-04
     985.62  0.4610E-04
     993.20  0.3017E-04
    1000.79  0.1739E-04
    1008.37  0.3517E-04
    1015.95  0.4801E-04
    1023.53  0.4327E-04
    1031.11  0.2416E-04
    1038.69  0.2026E-04
    1046.28  0.4043E-04
    1053.86  0.4883E-04
    1061.44  0.3861E-04
    1069.02  0.1780E-04
    1076.60  0.2633E-04
    1084.18  0.4530E-04
    1091.77  0.4779E-04
    1099.35  0.3181E-04
    1106.93  0.1457E-04
    1114.51  0.3387E-04
    1122.09  0.4866E-04
    1129.67  0.4418E-04
    1137.26  0.2321E-04
    1144.84  0.1893E-04
    1152.42  0.4142E-04
    1160.00  0.4962E-04
    1167.58  0.3750E-04
    1175.16  0.1469E-04
    1182.75  0.2821E-04
    1190.33  0.4732E-04
    1197.91  0.4730E-04
    1205.49  0.2787E-04
    1213.07  0.1417E-04
    1220.66  0.3813E-04
    1228.24  0.5026E-04
    1235.82  0.4092E-04
    1243.40  0.1646E-04
    1250.98  0.2435E-04
    1258.56  0.4624E-04
    1266.15  0.4892E-04
    1273.73  0.3043E-04
    1281.31  0.1159E-04
    1288.89  0.3657E-04
    1296.47  0.5073E-04
    1304.05  0.4240E-04
    1311.64  0.1666E-04
    1319.22  0.2313E-04
    1326.80  0.4656E-04
    1334.38  0.4974E-04
    1341.96  0.3042E-04
    1349.54  0.1007E-04
    1357.13  0.3721E-04
    1364.71  0.5078E-04
    1372.29  0.3939E-04
    1379.87  0.1656E-04
    1387.45  0.9649E-05
    1395.03  0.2748E-04
    1402.62  0.3885E-04
    1410.20  0.4004E-04
    1417.78  0.3039E-04
    1425.36  0.1239E-04
    1432.94  0.1115E-04
    1440.52  0.3080E-04
    1448.11  0.4280E-04
    1455.69  0.4293E-04
    1463.27  0.3054E-04
    1470.85  0.8826E-05
    1478.43  0.1669E-04
    1486.01  0.3748E-04
    1493.60  0.4717E-04
    1501.18  0.4177E-04
    1508.76  0.0000E+00
       0.00  0.0000E+00
       7.58  0.0000E+00
      15.16  0.1526E-04
      22.75  0.3233E-04
      30.33  0.5932E-04
      37.91  0.5356E-04
      45.49  0.2617E-04
      53.07  0.1488E-04
      60.65  0.4777E-04
      68.24  0.6661E-04
      75.82  0.6405E-04
      83.40  0.4211E-04
      90.98  0.2039E-04
      98.56  0.4106E-04
     106.14  0.6163E-04
     113.73  0.6482E-04
     121.31  0.5343E-04
     128.89  0.3776E-04
     136.47  0.3910E-04
     144.05  0.5348E-04
     151.63  0.5689E-04
     159.22  0.5613E-04
     166.80  0.4800E-04
     174.38  0.4039E-04
     181.96  0.4530E-04
     189.54  0.5555E-04
     197.12  0.5844E-04
     204.71  0.5096E-04
     212.29  0.4071E-04
     219.87  0.4241E-04
     227.45  0.5328E-04
     235.03  0.5855E-04
     242.61  0.5279E-04
     250.20  0.4151E-04
     257.78  0.4008E-04
     265.36  0.5089E-04
     272.94  0.5824E-04
     280.52  0.5431E-04
     288.10  0.4262E-04
     295.69  0.3825E-04
     303.27  0.4851E-04
     310.85  0.5758E-04
     318.43  0.5536E-04
     326.01  0.4372E-04
     333.60  0.3700E-04
     341.18  0.4639E-04
     348.76  0.5674E-04
     356.34  0.5602E-04
     363.92  0.4465E-04
     371.50  0.3604E-04
     379.09  0.4454E-04
     386.67  0.5598E-04
     394.25  0.5650E-04
     401.83  0.4535E-04
     409.41  0.3524E-04
     416.99  0.4299E-04
     424.58  0.5526E-04
     432.16  0.5667E-04
     439.74  0.4569E-04
     447.32  0.3458E-04
     454.90  0.4181E-04
     462.48  0.5471E-04
     470.07  0.5669E-04
     477.65  0.4564E-04
     485.23  0.3378E-04
     492.81  0.4110E-04
     500.39  0.5454E-04
     507.97  0.5664E-04
     515.56  0.4519E-04
     523.14  0.3287E-04
     530.72  0.4075E-04
     538.30  0.5457E-04
     545.88  0.5642E-04
     553.46  0.4432E-04
     561.05  0.3186E-04
     568.63  0.4092E-04
     576.21  0.5495E-04
     583.79  0.5599E-04
     591.37  0.4281E-04
     598.95  0.3080E-04
     606.54  0.4181E-04
     614.12  0.5566E-04
     621.70  0.5530E-04
     629.28  0.4075E-04
     636.86  0.2988E-04
     644.45  0.4327E-04
     652.03  0.5655E-04
     659.61  0.5422E-04
     667.19  0.3800E-04
     674.77  0.2954E-04
     682.35  0.4547E-04
     689.94  0.5737E-04
     697.52  0.5232E-04
     705.10  0.3453E-04
     712.68  0.3033E-04
     720.26  0.4835E-04
     727.84  0.5800E-04
     735.43  0.4957E-04
     743.01  0.3058E-04
     750.59  0.3262E-04
     758.17  0.5168E-04
     765.75  0.5795E-04
     773.33  0.4556E-04
     780.92  0.2689E-04
     788.50  0.3657E-04
     796.08  0.5485E-04
     803.66  0.5666E-04
     811.24  0.4013E-04
     818.82  0.2490E-04
     826.41  0.4199E-04
     833.99  0.5753E-04
     841.57  0.5371E-04
     849.15  0.3353E-04
     856.73  0.2736E-04
     864.31  0.4981E-04
     871.90  0.5999E-04
     879.48  0.4791E-04
     887.06  0.2546E-04
     894.64  0.3635E-04
     902.22  0.5689E-04
     909.81  0.5724E-04
     917.39  0.3676E-04
     924.97  0.2429E-04
     932.55  0.4731E-04
     940.13  0.6006E-04
     947.71  0.4937E-04
     955.30  0.2501E-04
     962.88  0.3397E-04
     970.46  0.5633E-04
     978.04  0.5785E-04
     985.62  0.3692E-04
     993.20  0.2226E-04
    1000.79  0.4681E-04
    1008.37  0.6034E-04
    1015.95  0.4917E-04
    1023.53  0.2315E-04
    1031.11  0.3385E-04
    1038.69  0.5697E-04
    1046.28  0.5748E-04
    1053.86  0.3460E-04
    1061.44  0.2167E-04
    1069.02  0.4872E-04
    1076.60  0.6084E-04
    1084.18  0.4674E-04
    1091.77  0.1935E-04
    1099.35  0.3697E-04
    1106.93  0.5919E-04
    1114.51  0.5591E-04
    1122.09  0.2921E-04
    1129.67  0.2420E-04
    1137.26  0.5299E-04
    1144.84  0.6082E-04
    1152.42  0.4118E-04
    1160.00  0.1587E-04
    1167.58  0.4358E-04
    1175.16  0.6172E-04
    1182.75  0.5130E-04
    1190.33  0.2015E-04
    1197.91  0.3221E-04
    1205.49  0.5876E-04
    1213.07  0.5843E-04
    1220.66  0.3106E-04
    1228.24  0.2044E-04
    1235.82  0.5260E-04
    1243.40  0.6219E-04
    1250.98  0.4175E-04
    1258.56  0.1278E-04
    1266.15  0.4422E-04
    1273.73  0.6278E-04
    1281.31  0.5060E-04
    1288.89  0.1631E-04
    1296.47  0.3450E-04
    1304.05  0.6088E-04
    1311.64  0.5731E-04
    1319.22  0.2572E-04
    1326.80  0.2416E-04
    1334.38  0.5669E-04
    1341.96  0.6173E-04
    1349.54  0.3571E-04
    1357.13  0.1364E-04
    1364.71  0.4840E-04
    1372.29  0.5645E-04
    1379.87  0.4011E-04
    1387.45  0.1532E-04
    1395.03  0.1348E-04
    1402.62  0.3404E-04
    1410.20  0.4544E-04
    1417.78  0.4357E-04
    1425.36  0.2848E-04
    1432.94  0.5737E-05
    1440.52  0.2308E-04
    1448.11  0.4297E-04
    1455.69  0.4995E-04
    1463.27  0.4104E-04
    1470.85  0.1846E-04
    1478.43  0.1135E-04
    1486.01  0.3770E-04
    1493.60  0.5189E-04
    1501.18  0.4792E-04
    1508.76  0.0000E+00
       0.00  0.0000E+00
       7.58  0.0000E+00
      15.16  0.8643E-05
      22.75  0.1818E-04
      30.33  0.3322E-04
      37.91  0.2764E-04
      45.49  0.9178E-05
      53.07  0.1354E-04
      60.65  0.3142E-04
      68.24  0.3763E-04
      75.82  0.2990E-04
      83.40  0.1255E-04
      90.98  0.1505E-04
      98.56  0.3035E-04
     106.14  0.3380E-04
     113.73  0.2705E-04
     121.31  0.2127E-04
     128.89  0.2802E-04
     136.47  0.2828E-04
     144.05  0.3083E-04
     151.63  0.3633E-04
     159.22  0.3780E-04
     166.80  0.3300E-04
     174.38  0.2860E-04
     181.96  0.3297E-04
     189.54  0.3945E-04
     197.12  0.3949E-04
     204.71  0.3283E-04
     212.29  0.2800E-04
     219.87  0.3299E-04
     227.45  0.3941E-04
     235.03  0.3886E-04
     242.61  0.3175E-04
     250.20  0.2746E-04
     257.78  0.3331E-04
     265.36  0.3953E-04
     272.94  0.3814E-04
     280.52  0.3047E-04
     288.10  0.2706E-04
     295.69  0.3386E-04
     303.27  0.3958E-04
     310.85  0.3710E-04
     318.43  0.2901E-04
     326.01  0.2702E-04
     333.60  0.3465E-04
     341.18  0.3953E-04
     348.76  0.3573E-04
     356.34  0.2737E-04
     363.92  0.2738E-04
     371.50  0.3574E-04
     379.09  0.3938E-04
     386.67  0.3399E-04
     394.25  0.2577E-04
     401.83  0.2826E-04
     409.41  0.3683E-04
     416.99  0.3882E-04
     424.58  0.3183E-04
     432.16  0.2451E-04
     439.74  0.2973E-04
     447.32  0.3791E-04
     454.90  0.3771E-04
     462.48  0.2912E-04
     470.07  0.2395E-04
     477.65  0.3184E-04
     485.23  0.3876E-04
     492.81  0.3591E-04
     500.39  0.2618E-04
     507.97  0.2451E-04
     515.56  0.3420E-04
     523.14  0.3902E-04
     530.72  0.3326E-04
     538.30  0.2340E-04
     545.88  0.2652E-04
     553.46  0.3654E-04
     561.05  0.3822E-04
     568.63  0.2955E-04
     576.21  0.2179E-04
     583.79  0.2978E-04
     591.37  0.3837E-04
     598.95  0.3618E-04
     606.54  0.2520E-04
     614.12  0.2248E-04
     621.70  0.3361E-04
     629.28  0.3904E-04
     636.86  0.3249E-04
     644.45  0.2127E-04
     652.03  0.2585E-04
     659.61  0.3692E-04
     667.19  0.3778E-04
     674.77  0.2728E-04
     682.35  0.1997E-04
     689.94  0.3084E-04
     697.52  0.3892E-04
     705.10  0.3423E-04
     712.68  0.2155E-04
     720.26  0.2308E-04
     727.84  0.3565E-04
     735.43  0.3849E-04
     743.01  0.2846E-04
     750.59  0.1842E-04
     758.17  0.2895E-04
     765.75  0.3865E-04
     773.33  0.3496E-04
     780.92  0.2145E-04
     788.50  0.2138E-04
     796.08  0.3490E-04
     803.66  0.3853E-04
     811.24  0.2837E-04
     818.82  0.1722E-04
     826.41  0.2839E-04
     833.99  0.3861E-04
     841.57  0.3467E-04
     849.15  0.2035E-04
     856.73  0.2150E-04
     864.31  0.3633E-04
     871.90  0.3874E-04
     879.48  0.2616E-04
     887.06  0.1715E-04
     894.64  0.3191E-04
     902.22  0.3976E-04
     909.81  0.3125E-04
     917.39  0.1629E-04
     924.97  0.2666E-04
     932.55  0.3909E-04
     940.13  0.3545E-04
     947.71  0.1920E-04
     955.30  0.2104E-04
     962.88  0.3687E-04
     970.46  0.3841E-04
     978.04  0.2384E-04
     985.62  0.1627E-04
     993.20  0.3344E-04
    1000.79  0.3986E-04
    1008.37  0.2852E-04
    1015.95  0.1377E-04
    1023.53  0.2931E-04
    1031.11  0.4020E-04
    1038.69  0.3266E-04
    1046.28  0.1433E-04
    1053.86  0.2483E-04
    1061.44  0.3944E-04
    1069.02  0.3596E-04
    1076.60  0.1731E-04
    1084.18  0.2017E-04
    1091.77  0.3775E-04
    1099.35  0.3830E-04
    1106.93  0.2102E-04
    1114.51  0.1604E-04
    1122.09  0.3554E-04
    1129.67  0.3976E-04
    1137.26  0.2464E-04
    1144.84  0.1262E-04
    1152.42  0.3296E-04
    1160.00  0.4066E-04
    1167.58  0.2800E-04
    1175.16  0.1045E-04
    1182.75  0.3013E-04
    1190.33  0.4083E-04
    1197.91  0.3079E-04
    1205.49  0.1006E-04
    1213.07  0.2720E-04
    1220.66  0.4069E-04
    1228.24  0.3309E-04
    1235.82  0.1096E-04
    1243.40  0.2462E-04
    1250.98  0.4041E-04
    1258.56  0.3501E-04
    1266.15  0.1256E-04
    1273.73  0.2217E-04
    1281.31  0.4007E-04
    1288.89  0.3663E-04
    1296.47  0.1416E-04
    1304.05  0.2013E-04
    1311.64  0.3963E-04
    1319.22  0.3771E-04
    1326.80  0.1546E-04
    1334.38  0.1864E-04
    1341.96  0.3959E-04
    1349.54  0.3885E-04
    1357.13  0.1703E-04
    1364.71  0.1566E-04
    1372.29  0.3325E-04
    1379.87  0.3294E-04
    1387.45  0.2151E-04
    1395.03  0.6661E-05
    1402.62  0.1206E-04
    1410.20  0.2485E-04
    1417.78  0.2997E-04
    1425.36  0.2522E-04
    1432.94  0.1200E-04
    1440.52  0.6724E-05
    1448.11  0.2246E-04
    1455.69  0.3120E-04
    1463.27  0.2916E-04
    1470.85  0.1658E-04
    1478.43  0.2905E-05
    1486.01  0.2112E-04
    1493.60  0.3218E-04
    1501.18  0.3100E-04
    1508.76  0.0000E+00
       0.00  0.0000E+00
       7.58  0.0000E+00
      15.16  0.9403E-05
      22.75  0.1813E-04
      30.33  0.2778E-04
      37.91  0.2254E-04
      45.49  0.7204E-05
      53.07  0.1151E-04
      60.65  0.2517E-04
      68.24  0.2817E-04
      75.82  0.1910E-04
      83.40  0.3708E-05
      90.98  0.1723E-04
      98.56  0.2561E-04
     106.14  0.1523E-04
     113.73  0.1183E-04
     121.31  0.1234E-04
     128.89  0.1381E-04
     136.47  0.1479E-04
     144.05  0.1507E-04
     151.63  0.1615E-04
     159.22  0.1661E-04
     166.80  0.1495E-04
     174.38  0.1401E-04
     181.96  0.1665E-04
     189.54  0.1892E-04
     197.12  0.1767E-04
     204.71  0.1439E-04
     212.29  0.1424E-04
     219.87  0.1741E-04
     227.45  0.1871E-04
     235.03  0.1636E-04
     242.61  0.1348E-04
     250.20  0.1500E-04
     257.78  0.1814E-04
     265.36  0.1813E-04
     272.94  0.1488E-04
     280.52  0.1317E-04
     288.10  0.1606E-04
     295.69  0.1842E-04
     303.27  0.1697E-04
     310.85  0.1350E-04
     318.43  0.1367E-04
     326.01  0.1713E-04
     333.60  0.1816E-04
     341.18  0.1534E-04
     348.76  0.1258E-04
     356.34  0.1487E-04
     363.92  0.1796E-04
     371.50  0.1726E-04
     379.09  0.1356E-04
     386.67  0.1268E-04
     394.25  0.1628E-04
     401.83  0.1811E-04
     409.41  0.1565E-04
     416.99  0.1214E-04
     424.58  0.1388E-04
     432.16  0.1749E-04
     439.74  0.1733E-04
     447.32  0.1347E-04
     454.90  0.1194E-04
     462.48  0.1573E-04
     470.07  0.1799E-04
     477.65  0.1558E-04
     485.23  0.1156E-04
     492.81  0.1332E-04
     500.39  0.1739E-04
     507.97  0.1730E-04
     515.56  0.1303E-04
     523.14  0.1131E-04
     530.72  0.1559E-04
     538.30  0.1793E-04
     545.88  0.1510E-04
     553.46  0.1083E-04
     561.05  0.1328E-04
     568.63  0.1752E-04
     576.21  0.1687E-04
     583.79  0.1199E-04
     591.37  0.1110E-04
     598.95  0.1608E-04
     606.54  0.1784E-04
     614.12  0.1405E-04
     621.70  0.1001E-04
     629.28  0.1388E-04
     636.86  0.1776E-04
     644.45  0.1594E-04
     652.03  0.1056E-04
     659.61  0.1164E-04
     667.19  0.1681E-04
     674.77  0.1718E-04
     682.35  0.1220E-04
     689.94  0.9832E-05
     697.52  0.1517E-04
     705.10  0.1777E-04
     712.68  0.1418E-04
     720.26  0.9205E-05
     727.84  0.1305E-04
     735.43  0.1747E-04
     743.01  0.1579E-04
     750.59  0.1002E-04
     758.17  0.1091E-04
     765.75  0.1647E-04
     773.33  0.1689E-04
     780.92  0.1154E-04
     788.50  0.9215E-05
     796.08  0.1508E-04
     803.66  0.1747E-04
     811.24  0.1331E-04
     818.82  0.8382E-05
     826.41  0.1321E-04
     833.99  0.1743E-04
     841.57  0.1494E-04
     849.15  0.8743E-05
     856.73  0.1160E-04
     864.31  0.1735E-04
     871.90  0.1615E-04
     879.48  0.9414E-05
     887.06  0.1058E-04
     894.64  0.1698E-04
     902.22  0.1679E-04
     909.81  0.9988E-05
     917.39  0.9539E-05
     924.97  0.1660E-04
     932.55  0.1727E-04
     940.13  0.1059E-04
     947.71  0.8656E-05
     955.30  0.1610E-04
     962.88  0.1753E-04
     970.46  0.1106E-04
     978.04  0.7969E-05
     985.62  0.1578E-04
     993.20  0.1772E-04
    1000.79  0.1136E-04
    1008.37  0.7440E-05
    1015.95  0.1546E-04
    1023.53  0.1788E-04
    1031.11  0.1167E-04
    1038.69  0.6947E-05
    1046.28  0.1515E-04
    1053.86  0.1786E-04
    1061.44  0.1174E-04
    1069.02  0.6654E-05
    1076.60  0.1489E-04
    1084.18  0.1779E-04
    1091.77  0.1171E-04
    1099.35  0.6367E-05
    1106.93  0.1487E-04
    1114.51  0.1783E-04
    1122.09  0.1163E-04
    1129.67  0.6133E-05
    1137.26  0.1482E-04
    1144.84  0.1784E-04
    1152.42  0.1148E-04
    1160.00  0.5942E-05
    1167.58  0.1501E-04
    1175.16  0.1778E-04
    1182.75  0.1099E-04
    1190.33  0.6006E-05
    1197.91  0.1544E-04
    1205.49  0.1785E-04
    1213.07  0.1037E-04
    1220.66  0.6302E-05
    1228.24  0.1609E-04
    1235.82  0.1775E-04
    1243.40  0.9479E-05
    1250.98  0.6924E-05
    1258.56  0.1667E-04
    1266.15  0.1738E-04
    1273.73  0.8201E-05
    1281.31  0.8057E-05
    1288.89  0.1734E-04
    1296.47  0.1673E-04
    1304.05  0.6662E-05
    1311.64  0.9397E-05
    1319.22  0.1795E-04
    1326.80  0.1595E-04
    1334.38  0.5056E-05
    1341.96  0.1089E-04
    1349.54  0.1836E-04
    1357.13  0.1507E-04
    1364.71  0.4048E-05
    1372.29  0.9726E-05
    1379.87  0.1450E-04
    1387.45  0.1305E-04
    1395.03  0.8086E-05
    1402.62  0.1876E-05
    1410.20  0.7725E-05
    1417.78  0.1284E-04
    1425.36  0.1350E-04
    1432.94  0.9273E-05
    1440.52  0.1841E-05
    1448.11  0.7427E-05
    1455.69  0.1342E-04
    1463.27  0.1442E-04
    1470.85  0.9791E-05
    1478.43  0.1302E-05
    1486.01  0.8230E-05
    1493.60  0.1437E-04
    1501.18  0.1458E-04
    1508.76  0.0000E+00
       0.00  0.0000E+00
       7.58  0.0000E+00
      15.16  0.1330E-04
      22.75  0.2460E-04
      30.33  0.3408E-04
      37.91  0.2603E-04
      45.49  0.6078E-05
      53.07  0.1757E-04
      60.65  0.3241E-04
      68.24  0.3205E-04
      75.82  0.1702E-04
      83.40  0.2118E-04
      90.98  0.2902E-04
      98.56  0.2675E-04
     106.14  0.2488E-04
     113.73  0.2662E-04
     121.31  0.2712E-04
     128.89  0.2585E-04
     136.47  0.2623E-04
     144.05  0.2898E-04
     151.63  0.3168E-04
     159.22  0.3109E-04
     166.80  0.2726E-04
     174.38  0.2671E-04
     181.96  0.3159E-04
     189.54  0.3391E-04
     197.12  0.3012E-04
     204.71  0.2581E-04
     212.29  0.2868E-04
     219.87  0.3323E-04
     227.45  0.3202E-04
     235.03  0.2659E-04
     242.61  0.2608E-04
     250.20  0.3139E-04
     257.78  0.3311E-04
     265.36  0.2852E-04
     272.94  0.2468E-04
     280.52  0.2869E-04
     288.10  0.3291E-04
     295.69  0.3058E-04
     303.27  0.2495E-04
     310.85  0.2596E-04
     318.43  0.3155E-04
     326.01  0.3198E-04
     333.60  0.2640E-04
     341.18  0.2395E-04
     348.76  0.2936E-04
     356.34  0.3250E-04
     363.92  0.2843E-04
     371.50  0.2319E-04
     379.09  0.2666E-04
     386.67  0.3197E-04
     394.25  0.3029E-04
     401.83  0.2386E-04
     409.41  0.2413E-04
     416.99  0.3049E-04
     424.58  0.3146E-04
     432.16  0.2539E-04
     439.74  0.2229E-04
     447.32  0.2841E-04
     454.90  0.3195E-04
     462.48  0.2728E-04
     470.07  0.2144E-04
     477.65  0.2596E-04
     485.23  0.3162E-04
     492.81  0.2905E-04
     500.39  0.2180E-04
     507.97  0.2350E-04
     515.56  0.3053E-04
     523.14  0.3033E-04
     530.72  0.2291E-04
     538.30  0.2142E-04
     545.88  0.2902E-04
     553.46  0.3110E-04
     561.05  0.2439E-04
     568.63  0.1994E-04
     576.21  0.2710E-04
     583.79  0.3137E-04
     591.37  0.2604E-04
     598.95  0.1924E-04
     606.54  0.2499E-04
     614.12  0.3108E-04
     621.70  0.2742E-04
     629.28  0.1930E-04
     636.86  0.2295E-04
     644.45  0.3038E-04
     652.03  0.2853E-04
     659.61  0.1984E-04
     667.19  0.2104E-04
     674.77  0.2946E-04
     682.35  0.2943E-04
     689.94  0.2075E-04
     697.52  0.1937E-04
     705.10  0.2825E-04
     712.68  0.2994E-04
     720.26  0.2182E-04
     727.84  0.1804E-04
     735.43  0.2698E-04
     743.01  0.3022E-04
     750.59  0.2276E-04
     758.17  0.1702E-04
     765.75  0.2577E-04
     773.33  0.3038E-04
     780.92  0.2372E-04
     788.50  0.1626E-04
     796.08  0.2454E-04
     803.66  0.3042E-04
     811.24  0.2451E-04
     818.82  0.1574E-04
     826.41  0.2345E-04
     833.99  0.3029E-04
     841.57  0.2499E-04
     849.15  0.1546E-04
     856.73  0.2313E-04
     864.31  0.3097E-04
     871.90  0.2523E-04
     879.48  0.1502E-04
     887.06  0.2387E-04
     894.64  0.3104E-04
     902.22  0.2427E-04
     909.81  0.1445E-04
     917.39  0.2458E-04
     924.97  0.3093E-04
     932.55  0.2293E-04
     940.13  0.1413E-04
     947.71  0.2557E-04
     955.30  0.3064E-04
     962.88  0.2128E-04
     970.46  0.1422E-04
     978.04  0.2666E-04
     985.62  0.3023E-04
     993.20  0.1944E-04
    1000.79  0.1486E-04
    1008.37  0.2770E-04
    1015.95  0.2941E-04
    1023.53  0.1736E-04
    1031.11  0.1609E-04
    1038.69  0.2875E-04
    1046.28  0.2826E-04
    1053.86  0.1501E-04
    1061.44  0.1791E-04
    1069.02  0.2975E-04
    1076.60  0.2675E-04
    1084.18  0.1280E-04
    1091.77  0.2014E-04
    1099.35  0.3051E-04
    1106.93  0.2468E-04
    1114.51  0.1108E-04
    1122.09  0.2275E-04
    1129.67  0.3072E-04
    1137.26  0.2178E-04
    1144.84  0.1081E-04
    1152.42  0.2557E-04
    1160.00  0.3034E-04
    1167.58  0.1811E-04
    1175.16  0.1275E-04
    1182.75  0.2809E-04
    1190.33  0.2899E-04
    1197.91  0.1401E-04
    1205.49  0.1626E-04
    1213.07  0.2994E-04
    1220.66  0.2637E-04
    1228.24  0.1001E-04
    1235.82  0.2042E-04
    1243.40  0.3077E-04
    1250.98  0.2266E-04
    1258.56  0.8388E-05
    1266.15  0.2455E-04
    1273.73  0.3053E-04
    1281.31  0.1793E-04
    1288.89  0.1114E-04
    1296.47  0.2797E-04
    1304.05  0.2884E-04
    1311.64  0.1243E-04
    1319.22  0.1633E-04
    1326.80  0.3035E-04
    1334.38  0.2536E-04
    1341.96  0.7235E-05
    1349.54  0.2218E-04
    1357.13  0.3166E-04
    1364.71  0.2120E-04
    1372.29  0.5751E-05
    1379.87  0.1943E-04
    1387.45  0.2483E-04
    1395.03  0.2190E-04
    1402.62  0.1104E-04
    1410.20  0.5962E-05
    1417.78  0.1904E-04
    1425.36  0.2561E-04
    1432.94  0.2210E-04
    1440.52  0.9615E-05
    1448.11  0.7822E-05
    1455.69  0.2167E-04
    1463.27  0.2694E-04
    1470.85  0.2087E-04
    1478.43  0.5727E-05
    1486.01  0.1251E-04
    1493.60  0.2537E-04
    1501.18  0.2697E-04
    1508.76  0.0000E+00
       0.00  0.0000E+00
       7.58  0.0000E+00
      15.16  0.1252E-04
      22.75  0.2325E-04
      30.33  0.3381E-04
      37.91  0.2269E-04
      45.49  0.8599E-05
      53.07  0.2610E-04
      60.65  0.3316E-04
      68.24  0.3226E-04
      75.82  0.2901E-04
      83.40  0.3144E-04
      90.98  0.3417E-04
      98.56  0.3060E-04
     106.14  0.3111E-04
     113.73  0.3820E-04
     121.31  0.3940E-04
     128.89  0.3256E-04
     136.47  0.2977E-04
     144.05  0.3722E-04
     151.63  0.4152E-04
     159.22  0.3815E-04
     166.80  0.3226E-04
     174.38  0.3380E-04
     181.96  0.3969E-04
     189.54  0.3987E-04
     197.12  0.3397E-04
     204.71  0.3235E-04
     212.29  0.3808E-04
     219.87  0.4017E-04
     227.45  0.3492E-04
     235.03  0.3112E-04
     242.61  0.3617E-04
     250.20  0.4002E-04
     257.78  0.3597E-04
     265.36  0.3056E-04
     272.94  0.3421E-04
     280.52  0.3940E-04
     288.10  0.3685E-04
     295.69  0.3049E-04
     303.27  0.3237E-04
     310.85  0.3850E-04
     318.43  0.3754E-04
     326.01  0.3074E-04
     333.60  0.3067E-04
     341.18  0.3732E-04
     348.76  0.3799E-04
     356.34  0.3131E-04
     363.92  0.2924E-04
     371.50  0.3594E-04
     379.09  0.3816E-04
     386.67  0.3194E-04
     394.25  0.2816E-04
     401.83  0.3457E-04
     409.41  0.3812E-04
     416.99  0.3254E-04
     424.58  0.2727E-04
     432.16  0.3315E-04
     439.74  0.3795E-04
     447.32  0.3313E-04
     454.90  0.2661E-04
     462.48  0.3177E-04
     470.07  0.3759E-04
     477.65  0.3357E-04
     485.23  0.2618E-04
     492.81  0.3054E-04
     500.39  0.3719E-04
     507.97  0.3387E-04
     515.56  0.2575E-04
     523.14  0.2943E-04
     530.72  0.3681E-04
     538.30  0.3406E-04
     545.88  0.2538E-04
     553.46  0.2841E-04
     561.05  0.3637E-04
     568.63  0.3413E-04
     576.21  0.2506E-04
     583.79  0.2761E-04
     591.37  0.3600E-04
     598.95  0.3401E-04
     606.54  0.2462E-04
     614.12  0.2700E-04
     621.70  0.3571E-04
     629.28  0.3382E-04
     636.86  0.2409E-04
     644.45  0.2646E-04
     652.03  0.3546E-04
     659.61  0.3352E-04
     667.19  0.2353E-04
     674.77  0.2615E-04
     682.35  0.3524E-04
     689.94  0.3304E-04
     697.52  0.2286E-04
     705.10  0.2604E-04
     712.68  0.3519E-04
     720.26  0.3245E-04
     727.84  0.2199E-04
     735.43  0.2609E-04
     743.01  0.3517E-04
     750.59  0.3174E-04
     758.17  0.2110E-04
     765.75  0.2633E-04
     773.33  0.3520E-04
     780.92  0.3078E-04
     788.50  0.2014E-04
     796.08  0.2696E-04
     803.66  0.3527E-04
     811.24  0.2953E-04
     818.82  0.1915E-04
     826.41  0.2784E-04
     833.99  0.3530E-04
     841.57  0.2794E-04
     849.15  0.1859E-04
     856.73  0.2966E-04
     864.31  0.3576E-04
     871.90  0.2565E-04
     879.48  0.1939E-04
     887.06  0.3243E-04
     894.64  0.3458E-04
     902.22  0.2178E-04
     909.81  0.2167E-04
     917.39  0.3448E-04
     924.97  0.3220E-04
     932.55  0.1829E-04
     940.13  0.2506E-04
     947.71  0.3556E-04
     955.30  0.2866E-04
     962.88  0.1653E-04
     970.46  0.2885E-04
     978.04  0.3530E-04
     985.62  0.2411E-04
     993.20  0.1769E-04
    1000.79  0.3224E-04
    1008.37  0.3358E-04
    1015.95  0.1913E-04
    1023.53  0.2137E-04
    1031.11  0.3454E-04
    1038.69  0.3022E-04
    1046.28  0.1522E-04
    1053.86  0.2616E-04
    1061.44  0.3530E-04
    1069.02  0.2516E-04
    1076.60  0.1505E-04
    1084.18  0.3085E-04
    1091.77  0.3399E-04
    1099.35  0.1892E-04
    1106.93  0.1937E-04
    1114.51  0.3427E-04
    1122.09  0.3027E-04
    1129.67  0.1343E-04
    1137.26  0.2559E-04
    1144.84  0.3534E-04
    1152.42  0.2416E-04
    1160.00  0.1368E-04
    1167.58  0.3129E-04
    1175.16  0.3344E-04
    1182.75  0.1656E-04
    1190.33  0.2005E-04
    1197.91  0.3474E-04
    1205.49  0.2843E-04
    1213.07  0.1117E-04
    1220.66  0.2740E-04
    1228.24  0.3495E-04
    1235.82  0.2072E-04
    1243.40  0.1487E-04
    1250.98  0.3298E-04
    1258.56  0.3145E-04
    1266.15  0.1214E-04
    1273.73  0.2339E-04
    1281.31  0.3533E-04
    1288.89  0.2418E-04
    1296.47  0.1086E-04
    1304.05  0.3104E-04
    1311.64  0.3338E-04
    1319.22  0.1415E-04
    1326.80  0.1996E-04
    1334.38  0.3523E-04
    1341.96  0.2661E-04
    1349.54  0.8344E-05
    1357.13  0.2955E-04
    1364.71  0.3477E-04
    1372.29  0.1657E-04
    1379.87  0.1014E-04
    1387.45  0.2406E-04
    1395.03  0.2910E-04
    1402.62  0.2216E-04
    1410.20  0.6626E-05
    1417.78  0.1451E-04
    1425.36  0.2786E-04
    1432.94  0.2967E-04
    1440.52  0.1857E-04
    1448.11  0.3121E-05
    1455.69  0.2100E-04
    1463.27  0.3142E-04
    1470.85  0.2767E-04
    1478.43  0.1101E-04
    1486.01  0.1144E-04
    1493.60  0.2863E-04
    1501.18  0.3217E-04
    1508.76  0.0000E+00
