"Line 1"
180.15,17.88,44.625
307.8843,145.6142,-137.1817
503.0388,340.7686,-404.7973
635.5488,473.2784,-579.6323
837.9857,675.7153,-836.1996
975.4224,813.1519,-1003.254
1114.865,952.5942,-1166.951
1327.823,1165.552,-1405.874
1472.342,1310.071,-1560.514
1692.958,1530.688,-1785.105
1842.598,1680.327,-1929.675
1929.714,1767.443,-2008.438
2064.646,1902.375,-2116.537
2157.347,1995.076,-2181.299
2300.258,2137.987,-2266.429
2397.886,2235.615,-2314.572
2497.172,2334.901,-2355.372
2648.681,2486.409,-2402.051
2750.997,2588.725,-2423.073
2905.648,2743.376,-2438.955
4776.466,4614.193,-2440.017
"Line 2"
180.34,0,44.625
354.8288,46.75401,-137.1803
621.4164,118.1857,-404.7949
802.4293,166.6878,-579.629
1078.964,240.7849,-836.1948
1266.708,291.0905,-1003.249
1457.189,342.1298,-1166.945
1748.097,420.0779,-1405.867
1945.513,472.9754,-1560.506
2246.882,553.7267,-1785.097
2451.294,608.4985,-1929.667
2570.299,640.3858,-2008.43
2754.624,689.7753,-2116.532
2881.259,723.7069,-2181.295
3076.483,776.017,-2266.427
3209.848,811.752,-2314.57
3345.478,848.0938,-2355.371
3552.447,903.5507,-2402.05
3692.216,941.0018,-2423.073
3903.478,997.609,-2438.955
6459.031,1682.365,-2440.017
"Line 3"
180.15,-17.88,44.625
354.6388,-64.63401,-137.1803
621.2264,-136.0658,-404.7949
802.2393,-184.5679,-579.629
1078.774,-258.665,-836.1948
1266.517,-308.9705,-1003.249
1457,-360.0099,-1166.945
1747.906,-437.9579,-1405.867
1945.323,-490.8554,-1560.506
2246.692,-571.6067,-1785.097
2451.104,-626.3785,-1929.667
2570.109,-658.2659,-2008.43
2754.434,-707.6554,-2116.532
2881.068,-741.587,-2181.295
3076.293,-793.8971,-2266.427
3209.658,-829.6321,-2314.57
3345.288,-865.9738,-2355.371
3552.256,-921.4307,-2402.05
3692.026,-958.8819,-2423.073
3903.288,-1015.489,-2438.955
6458.841,-1700.245,-2440.017
"Line 4"
165.73,-26.48,44.625
352.1765,-212.9265,-188.3225
639.0031,-499.7531,-525.9154
835.0542,-695.8042,-742.517
1136.449,-997.1993,-1053.681
1342.271,-1203.021,-1251.32
1551.995,-1412.745,-1440.576
1873.818,-1734.568,-1707.692
2093.1,-1953.85,-1873.87
2428.887,-2289.637,-2104.033
2657.131,-2517.881,-2244.004
2722.128,-2582.878,-2280.085
2788.009,-2648.759,-2312.807
2854.705,-2715.455,-2342.036
2922.14,-2782.89,-2367.649
2990.229,-2850.979,-2389.531
3093.379,-2954.129,-2415.143
3162.673,-3023.423,-2427.29
3232.26,-3093.01,-2435.422
3302.025,-3162.775,-2439.499
4762.032,-4622.783,-2440.009
"Line 5"
-95.59,-177.07,44.625
-48.83599,-351.5588,-137.1803
22.59576,-618.1465,-404.7949
71.09785,-799.1592,-579.629
145.195,-1075.694,-836.1948
195.5005,-1263.438,-1003.249
246.5398,-1453.919,-1166.945
324.4879,-1744.827,-1405.867
377.3854,-1942.243,-1560.506
458.1367,-2243.612,-1785.097
512.9085,-2448.024,-1929.667
544.7958,-2567.029,-2008.43
594.1854,-2751.354,-2116.532
628.1169,-2877.989,-2181.295
680.4271,-3073.213,-2266.427
716.162,-3206.578,-2314.57
752.5038,-3342.208,-2355.371
807.9607,-3549.177,-2402.05
845.4118,-3688.946,-2423.073
902.019,-3900.208,-2438.955
1586.776,-6455.761,-2440.017
"Line 6"
-111.17,-168.31,44.625
-157.924,-342.7988,-137.1803
-229.3558,-609.3864,-404.7949
-277.8579,-790.3992,-579.629
-351.955,-1066.934,-836.1948
-402.2606,-1254.677,-1003.249
-453.3,-1445.159,-1166.945
-531.248,-1736.067,-1405.867
-584.1456,-1933.483,-1560.506
-664.8969,-2234.852,-1785.097
-719.6687,-2439.263,-1929.667
-751.5561,-2558.269,-2008.43
-800.9456,-2742.594,-2116.532
-834.8771,-2869.229,-2181.295
-887.1873,-3064.453,-2266.427
-922.9223,-3197.818,-2314.57
-959.2641,-3333.448,-2355.371
-1014.721,-3540.416,-2402.05
-1052.172,-3680.186,-2423.073
-1108.779,-3891.448,-2438.955
-1793.536,-6447,-2440.017
"Line 7"
-126.55,-159.2,44.625
-254.2842,-286.9342,-137.1816
-449.4385,-482.0884,-404.797
-581.9489,-614.5986,-579.6326
-784.3857,-817.0353,-836.1996
-921.8227,-954.4723,-1003.255
-1061.265,-1093.915,-1166.952
-1274.223,-1306.873,-1405.874
-1418.742,-1451.391,-1560.513
-1639.358,-1672.007,-1785.105
-1788.998,-1821.647,-1929.675
-1876.114,-1908.763,-2008.438
-2011.046,-2043.695,-2116.537
-2103.747,-2136.396,-2181.299
-2246.658,-2279.307,-2266.429
-2344.286,-2376.935,-2314.572
-2443.572,-2476.22,-2355.371
-2595.08,-2627.729,-2402.05
-2697.396,-2730.045,-2423.072
-2852.047,-2884.696,-2438.954
-4722.866,-4755.514,-2440.016
"Line 8"
-126.8,-142.41,44.625
-381.4926,-210.6544,-188.3206
-773.3073,-315.6405,-525.9105
-1041.119,-387.4003,-742.5104
-1452.834,-497.7186,-1053.672
-1733.994,-573.0547,-1251.31
-2020.483,-649.819,-1440.566
-2460.101,-767.614,-1707.68
-2759.646,-847.8765,-1873.858
-3218.339,-970.7827,-2104.021
-3530.126,-1054.325,-2243.993
-3618.918,-1078.117,-2280.077
-3708.917,-1102.232,-2312.8
-3800.03,-1126.646,-2342.031
-3892.152,-1151.33,-2367.645
-3985.167,-1176.253,-2389.529
-4126.08,-1214.01,-2415.142
-4220.741,-1239.375,-2427.29
-4315.803,-1264.846,-2435.422
-4411.108,-1290.383,-2439.499
-6405.475,-1824.77,-2440.009
"Line 9"
-126.55,159.2,44.625
-301.0388,205.954,-137.1803
-567.6264,277.3859,-404.7949
-748.6392,325.888,-579.629
-1025.174,399.9852,-836.1948
-1212.917,450.2908,-1003.249
-1403.399,501.3302,-1166.945
-1694.306,579.2783,-1405.867
-1891.723,632.1758,-1560.506
-2193.092,712.9272,-1785.097
-2397.503,767.699,-1929.667
-2516.509,799.5864,-2008.43
-2700.834,848.976,-2116.532
-2827.468,882.9076,-2181.295
-3022.693,935.2178,-2266.427
-3156.058,970.9528,-2314.57
-3291.688,1007.295,-2355.371
-3498.656,1062.752,-2402.05
-3638.426,1100.203,-2423.073
-3849.688,1156.81,-2438.955
-6405.24,1841.567,-2440.017
"Line 10"
-111.17,168.31,44.625
-238.9043,296.0443,-137.1817
-434.0587,491.1988,-404.7973
-566.5685,623.7087,-579.6323
-769.0054,826.1456,-836.1996
-906.442,963.5823,-1003.254
-1045.884,1103.025,-1166.951
-1258.843,1315.983,-1405.874
-1403.361,1460.501,-1560.514
-1623.978,1681.118,-1785.105
-1773.617,1830.758,-1929.675
-1860.733,1917.874,-2008.438
-1995.665,2052.806,-2116.537
-2088.366,2145.507,-2181.299
-2231.277,2288.418,-2266.429
-2328.905,2386.046,-2314.572
-2428.191,2485.332,-2355.372
-2579.699,2636.84,-2402.051
-2682.016,2739.156,-2423.073
-2836.667,2893.808,-2438.955
-4707.484,4764.625,-2440.017
"Line 11"
-95.59,177.07,44.625
-142.344,351.5588,-137.1803
-213.7758,618.1464,-404.7949
-262.278,799.1592,-579.629
-336.3751,1075.694,-836.1948
-386.6806,1263.438,-1003.249
-437.72,1453.919,-1166.945
-515.6682,1744.826,-1405.867
-568.5657,1942.243,-1560.506
-649.317,2243.612,-1785.097
-704.0888,2448.023,-1929.667
-735.9762,2567.029,-2008.43
-785.3657,2751.354,-2116.532
-819.2973,2877.988,-2181.295
-871.6075,3073.213,-2266.427
-907.3425,3206.578,-2314.57
-943.6843,3342.208,-2355.371
-999.1412,3549.176,-2402.05
-1036.592,3688.946,-2423.073
-1093.2,3900.208,-2438.955
-1777.956,6455.76,-2440.017
"Line 12"
-80.93,168.89,44.625
-12.68536,423.583,-188.321
92.30074,815.3973,-525.9107
164.0605,1083.209,-742.5104
274.3791,1494.924,-1053.673
349.7153,1776.084,-1251.31
426.4796,2062.572,-1440.566
544.2747,2502.19,-1707.68
624.5373,2801.735,-1873.858
747.4437,3260.429,-2104.022
830.9866,3572.216,-2243.994
854.7783,3661.008,-2280.077
878.8932,3751.006,-2312.8
903.3067,3842.119,-2342.031
927.9908,3934.241,-2367.645
952.914,4027.256,-2389.529
990.6711,4168.168,-2415.142
1016.036,4262.831,-2427.29
1041.507,4357.892,-2435.422
1067.044,4453.197,-2439.499
1601.432,6447.564,-2440.009
